VERTS 952
0.76278 -2.62365 -3.82195
0.76278 -2.30875 -3.74247
0.93909 -2.62365 -3.74892
0.89280 -2.30875 -3.68861
1.01212 -2.62365 -3.57261
0.94665 -2.30875 -3.55860
0.93909 -2.62365 -3.39630
0.89280 -2.30875 -3.42859
0.76278 -2.62365 -3.32327
0.76278 -2.30875 -3.37473
0.58647 -2.62365 -3.39630
0.63277 -2.30875 -3.42859
0.51344 -2.62365 -3.57261
0.57892 -2.30875 -3.55860
0.58647 -2.62365 -3.74892
0.63277 -2.30875 -3.68861
0.76278 -1.75988 -3.64604
0.89280 -1.75988 -3.59219
0.94665 -1.75988 -3.46218
0.89280 -1.75988 -3.33216
0.76278 -1.75988 -3.27831
0.63277 -1.75988 -3.33216
0.57892 -1.75988 -3.46218
0.63277 -1.75988 -3.59219
0.76278 -1.06514 -3.57174
0.90696 -1.06514 -3.47303
0.96668 -1.06514 -3.23472
0.90696 -1.06514 -2.99640
0.76278 -1.06514 -2.89769
0.61861 -1.06514 -2.99640
0.55889 -1.06514 -3.23472
0.61861 -1.06514 -3.47303
0.76278 -0.45394 -3.14096
0.96382 -0.45394 -3.00332
1.04709 -0.45394 -2.67101
0.96382 -0.45394 -2.33871
0.76278 -0.45394 -2.20106
0.56175 -0.45394 -2.33871
0.47847 -0.45394 -2.67101
0.56175 -0.45394 -3.00332
0.76278 -0.00150 -3.01117
0.97084 -0.00150 -2.83333
1.07843 -0.00150 -2.40400
0.97084 -0.00150 -1.97466
0.76278 -0.00150 -1.79682
0.51043 -0.00150 -1.97466
0.40284 -0.00150 -2.40400
0.51043 -0.00150 -2.83333
0.76278 0.72762 -3.25560
0.92614 0.94531 -2.96690
1.06720 1.21346 -2.40400
0.92614 0.90259 -1.84110
0.76278 0.57382 -1.60793
0.42224 0.23633 -1.84110
0.28118 0.39013 -2.40400
0.42224 0.47130 -2.96690
0.76278 -2.80084 -3.73336
0.93909 -2.80084 -3.66033
1.01212 -2.80084 -3.48402
0.93909 -2.80084 -3.30771
0.76278 -2.80084 -3.23468
0.58647 -2.80084 -3.30771
0.51344 -2.80084 -3.48402
0.58647 -2.80084 -3.66033
0.76278 -2.91622 -3.53890
0.90357 -2.91622 -3.48058
0.96189 -2.91622 -3.33979
0.90357 -2.91622 -3.19901
0.76278 -2.91622 -3.14069
0.62200 -2.91622 -3.19901
0.56368 -2.91622 -3.33979
0.62200 -2.91622 -3.48058
0.76278 -3.12431 -3.54225
0.95838 -3.12431 -3.46123
1.03941 -3.12431 -3.26562
0.95838 -3.12431 -3.07002
0.76278 -3.12431 -2.98900
0.56718 -3.12431 -3.07002
0.48616 -3.12431 -3.26562
0.56718 -3.12431 -3.46123
0.76278 -3.30356 -3.56377
0.97798 -3.30356 -3.47464
1.06711 -3.30356 -3.25944
0.97798 -3.30356 -3.04425
0.76278 -3.30356 -2.95511
0.54759 -3.30356 -3.04425
0.45845 -3.30356 -3.25944
0.54759 -3.30356 -3.47464
0.54996 -2.62365 -3.48446
0.60584 -2.30875 -3.49359
0.60584 -1.75988 -3.39717
0.58875 -1.06514 -3.11556
0.52011 -0.45394 -2.50486
0.45663 -0.00150 -2.18933
0.35171 0.33032 -2.12255
0.54996 -2.80084 -3.39586
0.59284 -2.91622 -3.26940
0.52667 -3.12431 -3.16782
0.50302 -3.30356 -3.15184
0.97561 -2.62365 -3.66077
0.91972 -2.30875 -3.62361
0.91972 -1.75988 -3.52718
0.93682 -1.06514 -3.35387
1.00546 -0.45394 -2.83717
1.02464 -0.00150 -2.61866
0.99667 1.11784 -2.68545
0.97561 -2.80084 -3.57217
0.93273 -2.91622 -3.41019
0.99890 -3.12431 -3.36342
1.02255 -3.30356 -3.36704
0.87038 -3.30356 -3.30401
0.65519 -3.30356 -3.21487
0.15801 0.47130 -2.96690
0.08748 0.39013 -2.40400
0.15801 0.23633 -1.84110
0.12274 0.33032 -2.12255
0.22012 1.57180 -3.14756
0.20747 1.64252 -3.10296
0.16623 1.44771 -3.20814
0.69690 1.90412 -2.24740
0.62637 1.70809 -1.70961
0.54469 1.47535 -1.39223
0.22012 1.59158 -3.27366
0.80530 0.29820 -0.79714
0.43482 -0.14074 -0.73807
0.14735 -0.14074 -0.73807
0.56803 1.38153 -0.72140
0.80530 0.12901 -0.03326
0.43482 -0.26378 0.15398
0.14735 -0.26378 0.15398
0.56803 1.40716 -0.09594
0.64517 -2.65749 1.11484
0.64517 -2.34012 1.12663
0.78856 -2.65749 1.17146
0.75091 -2.34012 1.16838
0.84796 -2.65749 1.30818
0.79471 -2.34012 1.26920
0.78856 -2.65749 1.44489
0.75091 -2.34012 1.37001
0.64517 -2.65749 1.50151
0.64517 -2.34012 1.41176
0.50177 -2.65749 1.44489
0.53943 -2.34012 1.37001
0.44238 -2.65749 1.30818
0.49563 -2.34012 1.26920
0.50177 -2.65749 1.17146
0.53943 -2.34012 1.16838
0.64517 -2.82232 1.19498
0.80208 -2.82232 1.25694
0.86707 -2.82232 1.40654
0.80208 -2.82232 1.55614
0.64517 -2.82232 1.61810
0.48825 -2.82232 1.55614
0.42326 -2.82232 1.40654
0.48825 -2.82232 1.25694
0.64517 -2.93275 1.30442
0.81485 -2.93275 1.37143
0.88514 -2.93275 1.53320
0.81485 -2.93275 1.69498
0.64517 -2.93275 1.76199
0.47548 -2.93275 1.69498
0.40520 -2.93275 1.53320
0.47548 -2.93275 1.37143
0.64517 -3.13342 1.37733
0.84744 -3.13342 1.45721
0.93123 -3.13342 1.65005
0.84744 -3.13342 1.84290
0.64517 -3.13342 1.92278
0.44289 -3.13342 1.84290
0.35911 -3.13342 1.65005
0.44289 -3.13342 1.45721
0.64517 -3.27806 1.43583
0.84612 -3.27806 1.51518
0.92935 -3.27806 1.70677
0.84612 -3.27806 1.89835
0.64517 -3.27806 1.97770
0.44422 -3.27806 1.89835
0.36098 -3.27806 1.70677
0.44422 -3.27806 1.51518
0.47207 -2.65749 1.37653
0.51753 -2.34012 1.31960
0.45576 -2.82232 1.48134
0.44034 -2.93275 1.61409
0.40100 -3.13342 1.74648
0.40260 -3.27806 1.80256
0.81826 -2.65749 1.23982
0.77281 -2.34012 1.21879
0.83458 -2.82232 1.33174
0.84999 -2.93275 1.45232
0.88933 -3.13342 1.55363
0.88773 -3.27806 1.61098
0.74564 -3.27806 1.66709
0.54469 -3.27806 1.74644
0.64517 -1.74081 1.09626
0.76243 -1.74081 1.14257
0.81100 -1.74081 1.25436
0.76243 -1.74081 1.36615
0.64517 -1.74081 1.41246
0.52791 -1.74081 1.36615
0.47934 -1.74081 1.25436
0.52791 -1.74081 1.14257
0.50362 -1.74081 1.31026
0.78671 -1.74081 1.19846
0.64517 -1.47082 1.06050
0.79995 -1.47082 1.12162
0.86407 -1.47082 1.26920
0.79995 -1.47082 1.41676
0.64517 -1.47082 1.47789
0.49038 -1.47082 1.41676
0.42627 -1.47082 1.26920
0.49038 -1.47082 1.12162
0.45833 -1.47082 1.34298
0.83201 -1.47082 1.19541
0.64517 -1.10590 1.06050
0.79995 -1.10590 1.12162
0.86407 -1.10590 1.26920
0.79995 -1.10590 1.41676
0.64517 -1.10590 1.47789
0.49038 -1.10590 1.41676
0.42627 -1.10590 1.26920
0.49038 -1.10590 1.12162
0.45833 -1.10590 1.34298
0.83201 -1.10590 1.19541
0.64517 -0.66977 1.05571
0.87172 -0.66977 1.14517
0.96556 -0.66977 1.36117
0.87172 -0.66977 1.57716
0.64517 -0.66977 1.66663
0.41861 -0.66977 1.57716
0.32477 -0.66977 1.36117
0.41861 -0.66977 1.14517
0.37169 -0.66977 1.46916
0.91864 -0.66977 1.25317
0.64517 -0.16244 1.04289
0.94284 -0.16244 1.16044
1.06614 -0.16244 1.44424
0.94284 -0.16244 1.72804
0.64517 -0.16244 1.84559
0.34750 -0.16244 1.72804
0.22420 -0.16244 1.44424
0.34750 -0.16244 1.16044
0.28585 -0.16244 1.58614
1.00449 -0.16244 1.30234
0.81063 0.30336 0.96370
0.93588 0.30336 1.14529
1.05376 0.30336 1.58368
0.93588 0.30336 2.02208
0.65128 0.30336 2.15593
0.30509 0.18534 2.02208
0.15552 0.31855 2.02840
0.99482 0.30336 1.36449
0.78952 1.13829 0.74998
0.86378 1.44737 0.96448
1.00303 1.44737 1.48232
0.86378 1.13829 2.00015
0.65128 0.82405 2.21465
0.31510 0.82405 2.11802
0.15484 0.82405 2.24774
0.93340 1.51949 1.22339
0.56803 2.00884 0.76920
0.33119 2.45408 1.27395
0.55516 2.09961 1.73509
0.41592 1.76441 2.08762
0.52638 1.23739 2.16116
0.34773 1.22704 2.24892
0.11491 1.23060 2.31896
0.24824 1.58961 2.29734
0.11403 1.53976 2.39144
0.33191 3.24009 2.10590
0.55381 2.64767 2.09471
0.41558 2.12366 2.24131
0.19788 1.85232 2.40202
0.08538 1.76269 2.48596
0.30532 3.36826 2.66866
0.47285 2.78855 2.65369
0.39114 2.36593 2.69751
0.22609 2.17587 2.71812
0.10701 2.09076 2.72790
0.30532 3.42643 3.06677
0.47285 2.87048 2.90184
0.39114 2.45097 2.83446
0.22609 2.26207 2.80503
0.10701 2.17735 2.79238
0.22525 3.38413 3.49467
0.42529 2.82368 3.17421
0.35785 2.44228 2.98698
0.33232 2.27027 2.90353
0.21324 2.19296 2.86663
0.33498 3.00621 3.96880
0.39846 2.58073 3.41558
0.40842 2.22906 3.19253
0.33403 2.07019 3.05763
0.20421 1.99861 2.99763
0.31117 2.33893 3.98910
0.39716 2.17430 3.55899
0.35651 2.01182 3.30479
0.29451 1.93805 3.16362
0.23526 1.90459 3.10057
0.25047 1.83298 3.89334
0.31408 1.72588 3.59784
0.29587 1.62019 3.39324
0.25911 1.57220 3.32218
0.16147 1.55044 3.26039
0.24355 1.57519 3.85162
0.26489 1.49615 3.63354
0.25448 1.41815 3.48255
0.23346 1.38273 3.41477
0.15128 1.36667 3.38451
0.25449 1.38110 3.88577
0.28552 1.31613 3.62715
0.27039 1.25952 3.47374
0.24396 1.22872 3.42202
0.16872 1.21388 3.33500
0.16169 1.15723 3.80261
0.24136 1.10248 3.64707
0.23632 1.12610 3.51966
0.22615 1.07468 3.49174
0.18930 1.07069 3.41485
0.83535 -2.65749 1.27915
0.53013 -2.34012 1.34860
0.85327 -2.82232 1.37478
0.87021 -2.93275 1.49886
0.91344 -3.13342 1.60911
0.91168 -3.27806 1.66609
0.48916 -2.65749 1.41586
0.47446 -2.82232 1.52438
0.46056 -2.93275 1.66063
0.42510 -3.13342 1.80195
0.42655 -3.27806 1.85767
0.78541 -2.34012 1.24779
0.80345 -3.27806 1.80015
0.60250 -3.27806 1.87950
0.51759 -1.74081 1.34242
0.80068 -1.74081 1.23062
0.47677 -1.47082 1.38543
0.85045 -1.47082 1.23786
0.47677 -1.10590 1.38543
0.85045 -1.10590 1.23786
0.39869 -0.66977 1.53130
0.94564 -0.66977 1.31531
0.32132 -0.16244 1.66778
1.03996 -0.16244 1.38399
0.24158 0.24191 2.02476
1.02874 0.30336 1.49060
0.24705 0.82405 2.18377
0.97346 1.47800 1.37237
0.46006 2.25013 1.53928
0.24886 1.22855 2.27866
0.21117 1.56844 2.36220
0.45959 2.89923 2.09946
0.15011 1.81426 2.43766
0.40171 3.03472 2.66005
0.17553 2.13973 2.72227
0.40171 3.10656 2.97188
0.17553 2.22610 2.79966
0.40240 3.02891 3.31029
0.28176 2.23744 2.88786
0.52278 2.76035 3.64828
0.27890 2.03979 3.03215
0.40849 2.24421 3.75187
0.26935 1.92384 3.13684
0.28707 1.77136 3.72332
0.24785 1.56296 3.28399
0.25583 1.52971 3.72614
0.22702 1.37591 3.40192
0.27235 1.34372 3.73697
0.23045 1.22242 3.35890
0.23492 1.10882 3.69675
0.21050 1.07298 3.45909
0.21019 2.12740 2.91082
0.39743 2.37035 3.05631
0.33290 2.20278 2.95551
0.22824 3.28184 3.65294
0.39001 2.74173 3.28209
0.28079 2.17077 2.93654
0.40832 2.93832 3.43956
0.25829 3.36706 3.49821
0.37722 3.12499 3.41982
0.27071 3.30304 3.56550
0.39028 3.06864 3.47478
0.27735 3.41361 3.50371
0.45958 3.22614 3.48241
0.28567 3.36687 3.57100
0.48421 3.20619 3.53737
0.27856 3.46691 3.52787
0.60646 3.31385 3.60759
0.29016 3.41852 3.59731
0.58546 3.27600 3.65003
0.27507 3.57953 3.56304
0.61570 3.43514 3.65799
0.28282 3.54159 3.63992
0.59649 3.42331 3.73054
0.27975 3.73800 3.77834
0.55963 3.65655 3.79067
0.29335 3.69766 3.82775
0.53545 3.61128 3.82399
0.27747 3.78996 3.89113
0.40962 3.77291 3.89936
0.28016 3.76215 3.90077
0.40510 3.73866 3.91294
0.21973 1.95160 3.04910
0.37511 2.12044 3.24866
0.31427 2.00412 3.11062
0.44079 2.73082 4.05726
0.44965 2.37752 3.49632
0.27413 1.98182 3.08450
0.53817 2.50228 3.75286
0.71496 1.40049 -3.09065
0.54469 1.00848 -3.28439
0.66163 1.66405 -2.83458
0.20747 1.66230 -3.25872
0.16623 1.46749 -3.30951
0.27536 1.63000 -3.44596
0.25581 1.73844 -3.47261
0.19209 1.43324 -3.41263
0.37562 1.60027 -3.76250
0.34108 1.75593 -3.88377
0.22849 1.30700 -3.56668
0.46258 1.11313 -4.38227
0.41193 1.22034 -4.65096
0.24687 0.88700 -3.91738
0.46258 0.67479 -4.52031
0.41193 0.64911 -4.80846
0.24687 0.68295 -4.00341
0.46258 0.03322 -4.43426
0.41193 -0.05642 -4.70931
0.24687 0.15708 -3.93235
0.40893 -0.44209 -4.33786
0.36968 -0.47596 -4.55944
0.24178 -0.41063 -3.93851
0.34108 -0.99285 -4.34108
0.31483 -0.94389 -4.48277
0.22929 -1.09860 -4.09494
0.17495 -1.37646 -4.48775
0.15983 -1.34824 -4.56942
0.11053 -1.43741 -4.34588
0.08124 -1.66347 -4.78627
0.08822 -1.60342 -4.80895
0.03500 -1.71152 -4.74948
-0.76278 -2.62365 -3.82195
-0.76278 -2.30875 -3.74247
-0.93909 -2.62365 -3.74892
-0.89280 -2.30875 -3.68861
-1.01212 -2.62365 -3.57261
-0.94665 -2.30875 -3.55860
-0.93909 -2.62365 -3.39630
-0.89280 -2.30875 -3.42859
-0.76278 -2.62365 -3.32327
-0.76278 -2.30875 -3.37473
-0.58647 -2.62365 -3.39630
-0.63277 -2.30875 -3.42859
-0.51344 -2.62365 -3.57261
-0.57892 -2.30875 -3.55860
-0.58647 -2.62365 -3.74892
-0.63277 -2.30875 -3.68861
-0.76278 -1.75988 -3.64604
-0.89280 -1.75988 -3.59219
-0.94665 -1.75988 -3.46218
-0.89280 -1.75988 -3.33216
-0.76278 -1.75988 -3.27831
-0.63277 -1.75988 -3.33216
-0.57892 -1.75988 -3.46218
-0.63277 -1.75988 -3.59219
-0.76278 -1.06514 -3.57174
-0.90696 -1.06514 -3.47303
-0.96668 -1.06514 -3.23472
-0.90696 -1.06514 -2.99640
-0.76278 -1.06514 -2.89769
-0.61861 -1.06514 -2.99640
-0.55889 -1.06514 -3.23472
-0.61861 -1.06514 -3.47303
-0.76278 -0.45394 -3.14096
-0.96382 -0.45394 -3.00332
-1.04709 -0.45394 -2.67101
-0.96382 -0.45394 -2.33871
-0.76278 -0.45394 -2.20106
-0.56175 -0.45394 -2.33871
-0.47847 -0.45394 -2.67101
-0.56175 -0.45394 -3.00332
-0.76278 -0.00150 -3.01117
-0.97084 -0.00150 -2.83333
-1.07843 -0.00150 -2.40400
-0.97084 -0.00150 -1.97466
-0.76278 -0.00150 -1.79682
-0.51043 -0.00150 -1.97466
-0.40284 -0.00150 -2.40400
-0.51043 -0.00150 -2.83333
-0.76278 0.72762 -3.25560
-0.92614 0.94531 -2.96690
-1.06720 1.21346 -2.40400
-0.92614 0.90259 -1.84110
-0.76278 0.57382 -1.60793
-0.42224 0.23633 -1.84110
-0.28118 0.39013 -2.40400
-0.42224 0.47130 -2.96690
-0.76278 -2.80084 -3.73336
-0.93909 -2.80084 -3.66033
-1.01212 -2.80084 -3.48402
-0.93909 -2.80084 -3.30771
-0.76278 -2.80084 -3.23468
-0.58647 -2.80084 -3.30771
-0.51344 -2.80084 -3.48402
-0.58647 -2.80084 -3.66033
-0.76278 -2.91622 -3.53890
-0.90357 -2.91622 -3.48058
-0.96189 -2.91622 -3.33979
-0.90357 -2.91622 -3.19901
-0.76278 -2.91622 -3.14069
-0.62200 -2.91622 -3.19901
-0.56368 -2.91622 -3.33979
-0.62200 -2.91622 -3.48058
-0.76278 -3.12431 -3.54225
-0.95839 -3.12431 -3.46123
-1.03941 -3.12431 -3.26562
-0.95839 -3.12431 -3.07002
-0.76278 -3.12431 -2.98900
-0.56718 -3.12431 -3.07002
-0.48616 -3.12431 -3.26562
-0.56718 -3.12431 -3.46123
-0.76278 -3.30356 -3.56377
-0.97798 -3.30356 -3.47464
-1.06711 -3.30356 -3.25944
-0.97798 -3.30356 -3.04425
-0.76278 -3.30356 -2.95511
-0.54759 -3.30356 -3.04425
-0.45845 -3.30356 -3.25944
-0.54759 -3.30356 -3.47464
-0.54996 -2.62365 -3.48446
-0.60584 -2.30875 -3.49359
-0.60584 -1.75988 -3.39717
-0.58875 -1.06514 -3.11556
-0.52011 -0.45394 -2.50486
-0.45663 -0.00150 -2.18933
-0.35171 0.33032 -2.12255
-0.54996 -2.80084 -3.39586
-0.59284 -2.91622 -3.26940
-0.52667 -3.12431 -3.16782
-0.50302 -3.30356 -3.15184
-0.97561 -2.62365 -3.66077
-0.91972 -2.30875 -3.62361
-0.91972 -1.75988 -3.52718
-0.93682 -1.06514 -3.35387
-1.00546 -0.45394 -2.83717
-1.02464 -0.00150 -2.61866
-0.99667 1.11784 -2.68545
-0.97561 -2.80084 -3.57217
-0.93273 -2.91622 -3.41019
-0.99890 -3.12431 -3.36342
-1.02255 -3.30356 -3.36704
-0.87038 -3.30356 -3.30401
-0.65519 -3.30356 -3.21487
-0.15801 0.47130 -2.96690
-0.08748 0.39013 -2.40400
-0.15801 0.23633 -1.84110
-0.12274 0.33032 -2.12255
-0.22012 1.57180 -3.14756
-0.20747 1.64252 -3.10296
-0.16623 1.44771 -3.20814
-0.69690 1.90412 -2.24740
-0.62637 1.70809 -1.70961
-0.54469 1.47535 -1.39223
-0.00000 0.23633 -1.84110
-0.00000 0.39013 -2.40400
-0.00000 0.47130 -2.96690
-0.00000 0.33032 -2.12255
-0.00000 1.39478 -3.22407
-0.00000 2.00093 -1.17653
-0.00000 2.13764 -1.57812
-0.00000 2.21881 -2.09080
-0.00000 1.69896 -3.14991
-0.22012 1.59158 -3.27366
-0.80530 0.29820 -0.79714
-0.43482 -0.14074 -0.73807
-0.14735 -0.14074 -0.73807
-0.56803 1.38153 -0.72140
-0.00000 -0.14074 -0.73807
-0.00000 1.95331 -0.48674
-0.80530 0.12901 -0.03326
-0.43482 -0.26378 0.15398
-0.14735 -0.26378 0.15398
-0.56803 1.40716 -0.09594
-0.00000 -0.26378 0.15398
-0.00000 1.97894 0.13873
-0.64517 -2.65749 1.11484
-0.64517 -2.34012 1.12663
-0.78856 -2.65749 1.17146
-0.75091 -2.34012 1.16838
-0.84796 -2.65749 1.30818
-0.79471 -2.34012 1.26920
-0.78856 -2.65749 1.44489
-0.75091 -2.34012 1.37001
-0.64517 -2.65749 1.50151
-0.64517 -2.34012 1.41176
-0.50177 -2.65749 1.44489
-0.53943 -2.34012 1.37001
-0.44238 -2.65749 1.30818
-0.49563 -2.34012 1.26920
-0.50177 -2.65749 1.17146
-0.53943 -2.34012 1.16838
-0.64517 -2.82232 1.19498
-0.80208 -2.82232 1.25694
-0.86707 -2.82232 1.40654
-0.80208 -2.82232 1.55614
-0.64517 -2.82232 1.61810
-0.48825 -2.82232 1.55614
-0.42326 -2.82232 1.40654
-0.48825 -2.82232 1.25694
-0.64517 -2.93275 1.30442
-0.81485 -2.93275 1.37143
-0.88514 -2.93275 1.53320
-0.81485 -2.93275 1.69498
-0.64517 -2.93275 1.76199
-0.47548 -2.93275 1.69498
-0.40520 -2.93275 1.53320
-0.47548 -2.93275 1.37143
-0.64517 -3.13342 1.37733
-0.84744 -3.13342 1.45721
-0.93123 -3.13342 1.65005
-0.84744 -3.13342 1.84290
-0.64517 -3.13342 1.92278
-0.44289 -3.13342 1.84290
-0.35911 -3.13342 1.65005
-0.44289 -3.13342 1.45721
-0.64517 -3.27806 1.43583
-0.84612 -3.27806 1.51518
-0.92935 -3.27806 1.70677
-0.84612 -3.27806 1.89835
-0.64517 -3.27806 1.97770
-0.44422 -3.27806 1.89835
-0.36098 -3.27806 1.70677
-0.44422 -3.27806 1.51518
-0.47207 -2.65749 1.37653
-0.51753 -2.34012 1.31960
-0.45576 -2.82232 1.48134
-0.44034 -2.93275 1.61409
-0.40100 -3.13342 1.74648
-0.40260 -3.27806 1.80256
-0.81826 -2.65749 1.23982
-0.77281 -2.34012 1.21879
-0.83458 -2.82232 1.33174
-0.85000 -2.93275 1.45232
-0.88933 -3.13342 1.55363
-0.88773 -3.27806 1.61098
-0.74564 -3.27806 1.66709
-0.54469 -3.27806 1.74644
-0.64517 -1.74081 1.09626
-0.76243 -1.74081 1.14257
-0.81100 -1.74081 1.25436
-0.76243 -1.74081 1.36615
-0.64517 -1.74081 1.41246
-0.52791 -1.74081 1.36615
-0.47934 -1.74081 1.25436
-0.52791 -1.74081 1.14257
-0.50362 -1.74081 1.31026
-0.78671 -1.74081 1.19846
-0.64517 -1.47082 1.06050
-0.79995 -1.47082 1.12162
-0.86407 -1.47082 1.26920
-0.79995 -1.47082 1.41676
-0.64517 -1.47082 1.47789
-0.49038 -1.47082 1.41676
-0.42627 -1.47082 1.26920
-0.49038 -1.47082 1.12162
-0.45833 -1.47082 1.34298
-0.83201 -1.47082 1.19541
-0.64517 -1.10590 1.06050
-0.79995 -1.10590 1.12162
-0.86407 -1.10590 1.26920
-0.79995 -1.10590 1.41676
-0.64517 -1.10590 1.47789
-0.49038 -1.10590 1.41676
-0.42627 -1.10590 1.26920
-0.49038 -1.10590 1.12162
-0.45833 -1.10590 1.34298
-0.83201 -1.10590 1.19541
-0.64517 -0.66977 1.05571
-0.87172 -0.66977 1.14517
-0.96556 -0.66977 1.36117
-0.87172 -0.66977 1.57716
-0.64517 -0.66977 1.66663
-0.41861 -0.66977 1.57716
-0.32477 -0.66977 1.36117
-0.41861 -0.66977 1.14517
-0.37169 -0.66977 1.46916
-0.91864 -0.66977 1.25317
-0.64517 -0.16244 1.04289
-0.94284 -0.16244 1.16044
-1.06614 -0.16244 1.44424
-0.94284 -0.16244 1.72804
-0.64517 -0.16244 1.84559
-0.34750 -0.16244 1.72804
-0.22420 -0.16244 1.44424
-0.34750 -0.16244 1.16044
-0.28585 -0.16244 1.58614
-1.00449 -0.16244 1.30234
-0.81063 0.30336 0.96370
-0.93588 0.30336 1.14529
-1.05376 0.30336 1.58368
-0.93588 0.30336 2.02208
-0.65128 0.30336 2.15593
-0.30509 0.18534 2.02208
-0.15552 0.31855 2.02840
-0.99482 0.30336 1.36449
-0.78952 1.13829 0.74998
-0.86378 1.44737 0.96448
-1.00303 1.44737 1.48232
-0.86378 1.13829 2.00015
-0.65128 0.82405 2.21465
-0.31510 0.82405 2.11802
-0.15484 0.82405 2.24774
-0.93340 1.51949 1.22339
-0.00000 -0.16244 1.16044
-0.00000 -0.03723 1.44424
-0.56803 2.00884 0.76920
-0.00000 2.25308 0.51967
-0.00000 2.72730 1.15411
-0.33119 2.45408 1.27395
-0.00000 -0.03723 1.57597
-0.00000 0.36903 2.05823
-0.00000 0.85590 2.30990
-0.55516 2.09961 1.73509
-0.41592 1.76441 2.08762
-0.52638 1.23739 2.16116
-0.34773 1.22704 2.24892
-0.11491 1.23060 2.31896
-0.00000 1.17276 2.34154
-0.24824 1.58961 2.29734
-0.11403 1.53976 2.39144
-0.00000 1.52249 2.40862
-0.00000 3.52407 2.19003
-0.33191 3.24009 2.10590
-0.55381 2.64767 2.09471
-0.41558 2.12366 2.24131
-0.19788 1.85232 2.40202
-0.08538 1.76269 2.48596
-0.00000 1.73189 2.49899
-0.00000 3.58126 2.79580
-0.30532 3.36826 2.66866
-0.47285 2.78855 2.65369
-0.39114 2.36593 2.69751
-0.22609 2.17587 2.71812
-0.10701 2.09076 2.72790
-0.00000 2.04681 2.73554
-0.00000 3.59913 3.24484
-0.30532 3.42643 3.06677
-0.47285 2.87048 2.90184
-0.39114 2.45097 2.83446
-0.22609 2.26207 2.80503
-0.10701 2.17735 2.79238
-0.00000 2.13291 2.78835
-0.00000 3.41999 3.71550
-0.22525 3.38413 3.49467
-0.42529 2.82368 3.17421
-0.35785 2.44228 2.98698
-0.33232 2.27027 2.90353
-0.21324 2.19296 2.86663
-0.00000 2.15165 2.84977
-0.00000 2.99369 4.13804
-0.33498 3.00621 3.96880
-0.39846 2.58073 3.41558
-0.40842 2.22906 3.19253
-0.33403 2.07019 3.05763
-0.20421 1.99861 2.99763
-0.00000 1.95959 2.96858
-0.00000 2.30506 4.13262
-0.31117 2.33893 3.98910
-0.39716 2.17430 3.55899
-0.35651 2.01182 3.30479
-0.29451 1.93805 3.16362
-0.23526 1.90459 3.10057
-0.00000 1.88530 3.06879
-0.00000 1.81094 4.02597
-0.25047 1.83298 3.89334
-0.31408 1.72588 3.59784
-0.29587 1.62019 3.39324
-0.25911 1.57220 3.32218
-0.16147 1.55044 3.26039
-0.00000 1.53788 3.23972
-0.00000 1.55892 4.00017
-0.24355 1.57519 3.85162
-0.26489 1.49615 3.63354
-0.25448 1.41815 3.48255
-0.23346 1.38273 3.41477
-0.15129 1.36667 3.38451
-0.00000 1.35741 3.36925
-0.00000 1.35110 3.99581
-0.25449 1.38110 3.88577
-0.28552 1.31613 3.62715
-0.27039 1.25952 3.47374
-0.24396 1.22872 3.42202
-0.16872 1.21388 3.33500
-0.00000 1.20506 3.31938
-0.00000 1.12420 3.84772
-0.16169 1.15723 3.80261
-0.24136 1.10248 3.64707
-0.23632 1.12610 3.51966
-0.22615 1.07468 3.49174
-0.18930 1.07069 3.41485
-0.00000 1.09136 3.39184
-0.00000 1.05240 3.69897
-0.00000 1.08531 3.55627
-0.00000 1.04261 3.52670
-0.83535 -2.65749 1.27915
-0.53013 -2.34012 1.34860
-0.85327 -2.82232 1.37478
-0.87021 -2.93275 1.49886
-0.91344 -3.13342 1.60911
-0.91168 -3.27806 1.66609
-0.48916 -2.65749 1.41586
-0.47446 -2.82232 1.52438
-0.46056 -2.93275 1.66063
-0.42510 -3.13342 1.80195
-0.42655 -3.27806 1.85767
-0.78541 -2.34012 1.24779
-0.80345 -3.27806 1.80015
-0.60250 -3.27806 1.87950
-0.51760 -1.74081 1.34242
-0.80068 -1.74081 1.23062
-0.47677 -1.47082 1.38543
-0.85045 -1.47082 1.23786
-0.47677 -1.10590 1.38543
-0.85045 -1.10590 1.23786
-0.39869 -0.66977 1.53130
-0.94564 -0.66977 1.31531
-0.32132 -0.16244 1.66778
-1.03996 -0.16244 1.38399
-0.24158 0.24191 2.02476
-1.02874 0.30336 1.49060
-0.24705 0.82405 2.18377
-0.97346 1.47800 1.37237
-0.46006 2.25013 1.53928
-0.24886 1.22855 2.27866
-0.21117 1.56844 2.36220
-0.45959 2.89923 2.09946
-0.15011 1.81426 2.43766
-0.40171 3.03472 2.66005
-0.17553 2.13973 2.72227
-0.40171 3.10656 2.97188
-0.17553 2.22610 2.79966
-0.40240 3.02891 3.31029
-0.28176 2.23744 2.88786
-0.52278 2.76035 3.64828
-0.27890 2.03979 3.03215
-0.40849 2.24421 3.75187
-0.26935 1.92384 3.13684
-0.28707 1.77136 3.72332
-0.24785 1.56296 3.28399
-0.25583 1.52971 3.72614
-0.22702 1.37591 3.40192
-0.27235 1.34372 3.73697
-0.23045 1.22242 3.35890
-0.23492 1.10882 3.69675
-0.21050 1.07298 3.45909
-0.00000 1.08289 3.76214
-0.00000 1.05349 3.48958
-0.21019 2.12740 2.91082
-0.00000 2.08686 2.88985
-0.39743 2.37035 3.05631
-0.33290 2.20278 2.95551
-0.22824 3.28184 3.65294
-0.39001 2.74173 3.28209
-0.00000 3.29954 3.88829
-0.28079 2.17077 2.93654
-0.40832 2.93832 3.43956
-0.25829 3.36706 3.49821
-0.37722 3.12499 3.41982
-0.27071 3.30304 3.56550
-0.39028 3.06864 3.47478
-0.27735 3.41361 3.50371
-0.45958 3.22614 3.48241
-0.28567 3.36687 3.57100
-0.48421 3.20619 3.53737
-0.27856 3.46691 3.52787
-0.60646 3.31385 3.60759
-0.29016 3.41852 3.59731
-0.58546 3.27600 3.65003
-0.27507 3.57953 3.56304
-0.61570 3.43514 3.65799
-0.28282 3.54159 3.63992
-0.59649 3.42331 3.73054
-0.27975 3.73800 3.77834
-0.55963 3.65655 3.79067
-0.29335 3.69766 3.82775
-0.53545 3.61128 3.82399
-0.27747 3.78996 3.89113
-0.40962 3.77291 3.89936
-0.28016 3.76215 3.90077
-0.40510 3.73866 3.91294
-0.21973 1.95160 3.04910
-0.00000 1.92245 3.01869
-0.37511 2.12044 3.24866
-0.31427 2.00412 3.11062
-0.44079 2.73082 4.05726
-0.44965 2.37752 3.49632
-0.00000 2.68399 4.20750
-0.27413 1.98182 3.08450
-0.53817 2.50228 3.75286
-0.71496 1.40049 -3.09065
-0.54469 1.00848 -3.28439
-0.66163 1.66405 -2.83458
-0.00000 0.91338 -3.31317
-0.00000 1.88667 -2.98370
-0.20747 1.66230 -3.25872
-0.16623 1.46749 -3.30951
-0.00000 1.41456 -3.33533
-0.00000 1.71874 -3.25128
-0.27536 1.63000 -3.44596
-0.25581 1.73844 -3.47261
-0.19209 1.43324 -3.41263
-0.00000 1.34226 -3.41306
-0.00000 1.82199 -3.50011
-0.37562 1.60027 -3.76250
-0.34108 1.75593 -3.88377
-0.22849 1.30700 -3.56668
-0.00000 1.15993 -3.50169
-0.00000 1.87084 -3.98846
-0.46258 1.11313 -4.38227
-0.41193 1.22034 -4.65096
-0.24687 0.88700 -3.91738
-0.00000 0.74901 -3.72627
-0.00000 1.28824 -4.86849
-0.46258 0.67479 -4.52031
-0.41193 0.64911 -4.80846
-0.24687 0.68295 -4.00341
-0.00000 0.64614 -3.77058
-0.00000 0.61145 -5.03321
-0.46258 0.03322 -4.43426
-0.41193 -0.05642 -4.70931
-0.24687 0.15708 -3.93235
-0.00000 0.17341 -3.69720
-0.00000 -0.14350 -4.91990
-0.40893 -0.44209 -4.33786
-0.36968 -0.47596 -4.55944
-0.24178 -0.41063 -3.93851
-0.00000 -0.42777 -3.75666
-0.00000 -0.51601 -4.73142
-0.34108 -0.99285 -4.34108
-0.31483 -0.94389 -4.48277
-0.22929 -1.09860 -4.09494
-0.00000 -1.16538 -3.99265
-0.00000 -0.84758 -4.64870
-0.17496 -1.37646 -4.48775
-0.15983 -1.34824 -4.56942
-0.11053 -1.43741 -4.34588
-0.00000 -1.47590 -4.28693
-0.00000 -1.26955 -4.67126
-0.08124 -1.66347 -4.78627
-0.08822 -1.60342 -4.80895
-0.03500 -1.71152 -4.74948
-0.00000 -1.72499 -4.73705
-0.00000 -1.59952 -4.85177
-0.00000 -1.73863 -5.05916
NORMALS 952
-0.0000 -0.0249 -0.2481
0.0000 0.0526 -0.2437
0.1693 -0.0147 -0.1825
0.1717 0.0454 -0.1750
0.2482 0.0180 -0.0155
0.2478 0.0270 -0.0037
0.1792 0.0610 0.1623
0.1783 0.0071 0.1742
-0.0000 0.0796 0.2363
-0.0000 -0.0015 0.2493
-0.1792 0.0610 0.1623
-0.1783 0.0071 0.1742
-0.2482 0.0180 -0.0155
-0.2478 0.0270 -0.0037
-0.1693 -0.0147 -0.1825
-0.1717 0.0454 -0.1750
0.0000 0.0384 -0.2464
0.1842 0.0259 -0.1661
0.2493 -0.0039 -0.0022
0.1862 -0.0517 0.1576
0.0000 -0.0824 0.2353
-0.1861 -0.0524 0.1575
-0.2493 -0.0042 -0.0022
-0.1841 0.0265 -0.1660
-0.0000 0.0830 -0.2351
0.1883 0.0591 -0.1524
0.2490 -0.0108 -0.0075
0.1880 -0.1045 0.1261
-0.0000 -0.1620 0.1895
-0.1878 -0.1049 0.1260
-0.2490 -0.0106 -0.0075
-0.1881 0.0598 -0.1523
0.0023 0.1162 -0.2206
0.2073 0.0558 -0.1268
0.2474 -0.0306 0.0026
0.1854 -0.1192 0.1166
0.0039 -0.1731 0.1795
-0.1789 -0.1287 0.1166
-0.2457 -0.0426 0.0024
-0.2057 0.0505 -0.1316
0.0289 0.0062 -0.2476
0.2223 0.0136 -0.1120
0.2488 -0.0131 0.0100
0.2062 -0.0637 0.1249
0.0401 -0.1156 0.2173
-0.1769 -0.1152 0.1328
-0.2411 -0.0633 0.0053
-0.2092 -0.0276 -0.1329
0.0886 -0.0469 -0.2283
0.2155 0.0341 -0.1207
0.2401 0.0674 -0.0015
0.2248 0.0279 0.1042
0.2271 -0.0489 0.0905
-0.0551 -0.2402 0.0382
-0.1299 -0.2094 -0.0378
-0.1128 -0.1380 -0.1743
-0.0000 -0.1617 -0.1898
0.1509 -0.1387 -0.1421
0.2418 -0.0607 -0.0032
0.1791 0.0771 0.1555
-0.0000 0.1385 0.2074
-0.1791 0.0771 0.1555
-0.2418 -0.0607 -0.0032
-0.1509 -0.1387 -0.1421
-0.0000 -0.1368 -0.2085
0.1663 -0.1038 -0.1541
0.2475 0.0246 0.0174
0.1473 0.1273 0.1558
-0.0000 0.1514 0.1981
-0.1473 0.1273 0.1558
-0.2475 0.0246 0.0174
-0.1663 -0.1038 -0.1541
-0.0000 0.0171 -0.2488
0.1790 0.0327 -0.1705
0.2410 0.0638 0.0065
0.1629 0.0867 0.1677
-0.0000 0.0944 0.2308
-0.1629 0.0867 0.1677
-0.2410 0.0638 0.0065
-0.1790 0.0327 -0.1705
-0.0000 -0.1458 -0.2022
0.1443 -0.1449 -0.1427
0.2046 -0.1426 0.0016
0.1449 -0.1403 0.1465
-0.0000 -0.1394 0.2068
-0.1449 -0.1403 0.1466
-0.2046 -0.1426 0.0016
-0.1443 -0.1449 -0.1427
-0.2266 0.0449 0.0939
-0.2300 0.0132 0.0953
-0.2333 -0.0258 0.0841
-0.2332 -0.0596 0.0653
-0.2298 -0.0778 0.0576
-0.2310 -0.0784 0.0514
-0.1422 -0.2043 -0.0153
-0.2283 0.0329 0.0946
-0.2225 0.0646 0.0922
-0.2200 0.0740 0.0911
-0.1750 -0.1622 0.0725
0.2304 0.0021 -0.0954
0.2282 0.0340 -0.0945
0.2342 0.0144 -0.0844
0.2395 0.0184 -0.0669
0.2410 0.0215 -0.0604
0.2416 0.0107 -0.0609
0.2313 0.0593 -0.0717
0.2069 -0.1097 -0.0857
0.2227 -0.0638 -0.0922
0.2272 0.0414 -0.0941
0.1730 -0.1646 -0.0717
0.0000 -0.2493 -0.0000
0.0000 -0.2493 -0.0000
0.0008 -0.2112 -0.1325
0.0000 -0.2455 -0.0437
0.0000 -0.2362 -0.0798
0.0000 -0.2406 -0.0655
0.1946 0.0804 -0.1336
0.1253 0.1814 -0.1164
0.1319 -0.0514 -0.2053
0.1714 0.1810 -0.0049
0.1878 0.1331 0.0958
0.2135 0.1078 0.0706
0.2453 -0.0286 0.0341
0.2394 -0.0651 -0.0248
0.0977 -0.2229 -0.0543
0.0000 -0.2426 -0.0576
0.2211 0.1152 0.0050
0.2368 -0.0759 -0.0183
0.1027 -0.2270 -0.0090
0.0011 -0.2493 -0.0045
0.2216 0.1087 -0.0354
0.0000 -0.0488 -0.2445
-0.0000 -0.0017 -0.2493
0.1669 -0.0308 -0.1826
0.1716 0.0037 -0.1809
0.2477 0.0247 -0.0144
0.2487 0.0173 -0.0033
0.1692 0.0891 0.1600
0.1735 0.0304 0.1765
-0.0000 0.1115 0.2230
-0.0000 0.0352 0.2468
-0.1692 0.0891 0.1600
-0.1735 0.0304 0.1765
-0.2477 0.0247 -0.0144
-0.2487 0.0173 -0.0033
-0.1669 -0.0308 -0.1826
-0.1716 0.0037 -0.1809
0.0000 -0.1398 -0.2064
0.1590 -0.1060 -0.1602
0.2487 0.0123 -0.0121
0.1483 0.1461 0.1373
0.0000 0.1774 0.1752
-0.1483 0.1461 0.1373
-0.2487 0.0123 -0.0121
-0.1590 -0.1060 -0.1602
-0.0000 -0.1395 -0.2067
0.1699 -0.0891 -0.1593
0.2414 0.0624 0.0032
0.1402 0.1528 0.1385
-0.0000 0.1747 0.1779
-0.1402 0.1528 0.1385
-0.2414 0.0624 0.0032
-0.1699 -0.0891 -0.1593
-0.0000 -0.0890 -0.2329
0.1738 -0.0549 -0.1702
0.2477 0.0288 0.0020
0.1617 0.0974 0.1629
-0.0000 0.1200 0.2186
-0.1617 0.0974 0.1629
-0.2477 0.0288 0.0020
-0.1738 -0.0549 -0.1702
-0.0000 -0.1920 -0.1590
0.1271 -0.1814 -0.1145
0.1953 -0.1539 0.0185
0.1387 -0.1305 0.1609
-0.0000 -0.1229 0.2170
-0.1387 -0.1305 0.1610
-0.1953 -0.1539 0.0185
-0.1271 -0.1814 -0.1145
-0.2207 0.0655 0.0959
-0.2277 0.0230 0.0989
-0.2070 0.1059 0.0900
-0.2027 0.1154 0.0881
-0.2198 0.0689 0.0955
-0.1729 -0.1632 0.0751
0.2287 -0.0033 -0.0993
0.2286 0.0087 -0.0993
0.2235 -0.0530 -0.0971
0.2258 -0.0396 -0.0981
0.2277 -0.0234 -0.0989
0.1477 -0.1904 -0.0642
-0.0000 -0.2493 -0.0000
-0.0000 -0.2493 -0.0000
0.0000 -0.0229 -0.2483
0.1711 -0.0246 -0.1797
0.2477 -0.0280 -0.0026
0.1731 -0.0302 0.1769
0.0000 -0.0306 0.2475
-0.1731 -0.0302 0.1769
-0.2477 -0.0280 -0.0026
-0.1711 -0.0246 -0.1797
-0.2274 -0.0267 0.0988
0.2276 -0.0239 -0.0989
-0.0000 -0.0162 -0.2488
0.1737 -0.0186 -0.1779
0.2482 -0.0237 0.0015
0.1717 -0.0276 0.1787
-0.0000 -0.0288 0.2477
-0.1717 -0.0276 0.1787
-0.2482 -0.0237 0.0015
-0.1737 -0.0186 -0.1779
-0.2276 -0.0248 0.0989
0.2280 -0.0196 -0.0991
0.0000 -0.0014 -0.2493
0.1697 -0.0087 -0.1825
0.2477 -0.0278 -0.0071
0.1734 -0.0464 0.1730
0.0000 -0.0531 0.2436
-0.1734 -0.0464 0.1730
-0.2477 -0.0278 -0.0071
-0.1697 -0.0087 -0.1825
-0.2263 -0.0359 0.0983
0.2282 -0.0160 -0.0992
0.0000 -0.0045 -0.2493
0.1733 -0.0190 -0.1783
0.2438 -0.0525 -0.0002
0.1644 -0.0807 0.1692
0.0000 -0.0904 0.2324
-0.1644 -0.0807 0.1692
-0.2438 -0.0525 -0.0002
-0.1733 -0.0190 -0.1783
-0.2207 -0.0655 0.0959
0.2270 -0.0304 -0.0986
0.1018 -0.1366 -0.1821
0.1901 -0.0192 -0.1602
0.2483 -0.0228 -0.0030
0.1794 -0.0760 0.1556
0.0102 -0.1174 0.2197
-0.1428 -0.1160 0.1683
-0.1713 -0.1792 0.0267
-0.1141 -0.2080 -0.0767
-0.1808 -0.1344 0.1069
0.2327 -0.0077 -0.0892
0.2259 -0.0440 -0.0959
0.2200 -0.0108 -0.1169
0.2491 0.0025 0.0109
0.1852 -0.0434 0.1612
0.0276 -0.0730 0.2368
-0.0839 -0.1188 0.2025
-0.0194 -0.1368 0.2075
0.2386 0.0095 -0.0718
0.2384 0.0239 -0.0692
0.2342 0.0556 -0.0650
0.2373 0.0714 0.0276
0.1901 0.0492 0.1536
0.0572 -0.0035 0.2427
0.0350 -0.0440 0.2429
0.0680 -0.0678 0.2301
0.2324 0.0808 -0.0404
0.1898 0.1387 -0.0830
0.1855 0.1420 -0.0871
0.2363 0.0742 0.0286
0.1990 0.0201 0.1489
0.0957 0.0327 0.2279
0.1068 -0.0133 0.2249
0.0766 -0.0444 0.2331
0.1709 -0.0036 0.1816
0.0798 -0.0617 0.2280
0.1950 0.1392 -0.0689
0.2475 0.0273 -0.0129
0.2264 -0.0634 0.0831
0.1907 -0.0815 0.1384
0.1061 -0.1064 0.1990
0.1981 0.1503 -0.0177
0.2485 0.0135 0.0152
0.2174 -0.0979 0.0730
0.1596 -0.1433 0.1272
0.1038 -0.1391 0.1790
0.1933 0.1570 0.0128
0.2487 0.0123 0.0127
0.2347 -0.0816 0.0210
0.1812 -0.1710 0.0084
0.0951 -0.2092 0.0967
0.1642 0.1776 0.0605
0.2486 -0.0051 0.0189
0.2443 -0.0433 -0.0250
0.2073 -0.0853 -0.1091
0.1134 -0.1526 -0.1614
0.1702 0.1251 0.1325
0.2427 0.0013 -0.0571
0.2451 -0.0275 -0.0365
0.2014 -0.1062 -0.1016
0.0964 -0.1484 -0.1757
0.1594 -0.0690 0.1789
0.2413 -0.0627 0.0032
0.2402 -0.0589 -0.0316
0.2181 -0.0840 -0.0868
0.1087 -0.1300 -0.1829
0.1868 -0.0450 0.1589
0.2444 -0.0450 0.0205
0.2407 -0.0539 -0.0364
0.2304 -0.0615 -0.0728
0.0637 -0.1229 -0.2074
0.2087 -0.0063 0.1363
0.2487 -0.0106 0.0142
0.2450 -0.0171 -0.0429
0.2367 -0.0231 -0.0749
0.0500 -0.0336 -0.2420
0.1906 -0.0364 0.1566
0.2491 -0.0106 0.0023
0.2429 -0.0162 -0.0540
0.2383 -0.0279 -0.0678
0.0662 -0.0241 -0.2392
0.1273 -0.1520 0.1512
0.1726 -0.1796 0.0116
0.2075 -0.1376 0.0125
0.1662 -0.1789 0.0505
0.0681 -0.1833 -0.1546
0.2287 -0.0033 -0.0993
-0.2277 0.0230 0.0989
0.2235 -0.0530 -0.0971
0.2258 -0.0396 -0.0981
0.2277 -0.0234 -0.0989
0.1477 -0.1904 -0.0642
-0.2207 0.0655 0.0959
-0.2070 0.1059 0.0900
-0.2027 0.1154 0.0881
-0.2198 0.0689 0.0955
-0.1729 -0.1632 0.0751
0.2286 0.0087 -0.0993
-0.0000 -0.2493 -0.0000
0.0000 -0.2493 -0.0000
-0.2274 -0.0267 0.0988
0.2276 -0.0239 -0.0989
-0.2276 -0.0248 0.0989
0.2280 -0.0196 -0.0991
-0.2263 -0.0359 0.0983
0.2282 -0.0160 -0.0992
-0.2207 -0.0655 0.0959
0.2270 -0.0304 -0.0986
-0.1984 -0.1031 0.1104
0.2328 -0.0031 -0.0892
-0.0503 -0.1220 0.2116
0.2385 0.0143 -0.0714
0.0929 -0.0600 0.2235
0.2352 0.0752 -0.0349
0.2219 0.1056 -0.0422
0.1131 -0.0404 0.2185
0.1400 -0.0315 0.2039
0.2349 0.0754 -0.0361
0.1664 -0.0842 0.1655
0.2374 0.0758 -0.0068
0.1318 -0.1427 0.1563
0.2403 0.0662 0.0080
0.1544 -0.1953 0.0136
0.2445 0.0464 0.0156
0.1358 -0.1408 -0.1546
0.2421 0.0560 -0.0206
0.1467 -0.1306 -0.1536
0.2299 -0.0760 0.0597
0.1784 -0.1051 -0.1389
0.2400 -0.0411 0.0535
0.1719 -0.0966 -0.1526
0.2467 -0.0044 0.0361
0.1922 -0.0306 -0.1559
0.2426 -0.0251 0.0518
0.1828 -0.0167 -0.1688
0.1692 -0.1601 0.0889
0.1292 -0.1935 -0.0896
0.0943 -0.1305 -0.1904
0.2447 -0.0138 -0.0458
0.1961 -0.0846 -0.1287
0.1676 0.1440 0.1156
0.2481 -0.0045 -0.0245
0.1378 -0.1236 -0.1671
0.2456 0.0430 -0.0006
0.0689 0.2258 -0.0802
0.2082 0.0620 -0.1224
0.0810 0.0614 0.2277
0.2326 -0.0071 0.0896
-0.1288 0.1252 -0.1729
0.1469 0.0082 -0.2013
-0.1843 -0.0468 0.1613
0.1275 -0.1974 0.0833
-0.1534 0.0775 -0.1807
0.2186 -0.0225 -0.1178
-0.1926 -0.0739 0.1401
0.1183 -0.1758 0.1314
-0.1356 0.1130 -0.1761
0.2264 0.0612 -0.0848
-0.2075 -0.0789 0.1135
0.1188 -0.0911 0.1994
-0.1567 0.1532 -0.1190
0.2013 0.1470 -0.0074
-0.1825 -0.1263 0.1137
0.1058 -0.0786 0.2117
-0.1430 0.1913 0.0717
0.1030 0.2059 0.0959
-0.1565 -0.0505 0.1874
0.0399 -0.0463 0.2417
0.1078 -0.1607 -0.1573
0.2403 -0.0609 -0.0266
0.2034 -0.1160 -0.0856
0.1826 0.0193 0.1687
0.2432 -0.0382 -0.0394
0.1633 -0.1319 -0.1345
0.2451 -0.0363 0.0279
0.1490 0.1097 -0.1671
0.0627 -0.0040 -0.2413
0.1491 0.1654 -0.1122
0.1788 0.1619 0.0634
0.1741 -0.1741 0.0394
0.2376 -0.0018 0.0756
0.1645 0.1742 0.0691
0.1744 -0.1292 0.1228
0.2434 0.0164 0.0516
0.1775 0.1732 -0.0255
0.1896 -0.0942 0.1318
0.2485 0.0044 0.0204
0.1906 0.0998 -0.1261
0.2037 -0.0688 0.1262
0.2487 -0.0013 0.0175
0.1962 0.0101 -0.1536
0.2101 -0.0171 0.1332
0.2476 -0.0084 0.0282
0.1997 -0.0462 -0.1420
0.2018 0.0065 0.1463
0.2457 -0.0253 0.0341
0.2006 -0.0589 -0.1359
0.1935 -0.0258 0.1552
0.2409 -0.0619 0.0175
0.2025 -0.0417 -0.1394
0.1857 -0.0917 0.1389
0.2301 -0.0959 0.0035
0.2112 -0.0039 -0.1324
0.1693 -0.1538 0.0993
0.2327 -0.0847 -0.0287
0.2063 0.0648 -0.1242
0.1624 -0.1839 0.0447
0.0000 -0.0249 -0.2481
-0.0000 0.0526 -0.2437
-0.1693 -0.0147 -0.1825
-0.1717 0.0454 -0.1750
-0.2482 0.0180 -0.0155
-0.2478 0.0270 -0.0037
-0.1792 0.0610 0.1623
-0.1783 0.0071 0.1742
0.0000 0.0796 0.2363
0.0000 -0.0015 0.2493
0.1792 0.0610 0.1623
0.1783 0.0071 0.1742
0.2482 0.0180 -0.0155
0.2478 0.0270 -0.0037
0.1693 -0.0147 -0.1825
0.1717 0.0454 -0.1750
-0.0000 0.0384 -0.2464
-0.1842 0.0259 -0.1661
-0.2493 -0.0039 -0.0022
-0.1862 -0.0517 0.1576
-0.0000 -0.0824 0.2353
0.1861 -0.0524 0.1575
0.2493 -0.0042 -0.0022
0.1841 0.0265 -0.1660
0.0000 0.0830 -0.2351
-0.1883 0.0591 -0.1524
-0.2490 -0.0108 -0.0075
-0.1880 -0.1045 0.1261
0.0000 -0.1620 0.1895
0.1878 -0.1049 0.1260
0.2490 -0.0106 -0.0075
0.1881 0.0598 -0.1523
-0.0023 0.1162 -0.2206
-0.2073 0.0558 -0.1268
-0.2474 -0.0306 0.0026
-0.1854 -0.1192 0.1166
-0.0039 -0.1731 0.1795
0.1789 -0.1287 0.1166
0.2457 -0.0426 0.0024
0.2057 0.0505 -0.1316
-0.0289 0.0062 -0.2476
-0.2223 0.0136 -0.1120
-0.2488 -0.0131 0.0100
-0.2062 -0.0637 0.1249
-0.0401 -0.1156 0.2173
0.1769 -0.1152 0.1328
0.2411 -0.0633 0.0053
0.2092 -0.0276 -0.1329
-0.0886 -0.0469 -0.2283
-0.2155 0.0341 -0.1207
-0.2401 0.0674 -0.0015
-0.2248 0.0279 0.1042
-0.2271 -0.0489 0.0905
0.0551 -0.2402 0.0382
0.1299 -0.2094 -0.0378
0.1128 -0.1380 -0.1743
0.0000 -0.1617 -0.1898
-0.1509 -0.1387 -0.1421
-0.2418 -0.0607 -0.0032
-0.1791 0.0771 0.1555
0.0000 0.1385 0.2074
0.1791 0.0771 0.1555
0.2418 -0.0607 -0.0032
0.1509 -0.1387 -0.1421
0.0000 -0.1368 -0.2085
-0.1663 -0.1038 -0.1541
-0.2475 0.0246 0.0174
-0.1473 0.1273 0.1558
0.0000 0.1514 0.1981
0.1473 0.1273 0.1558
0.2475 0.0246 0.0174
0.1663 -0.1038 -0.1541
0.0000 0.0171 -0.2488
-0.1790 0.0327 -0.1705
-0.2410 0.0638 0.0065
-0.1629 0.0867 0.1677
0.0000 0.0944 0.2308
0.1629 0.0867 0.1677
0.2410 0.0638 0.0065
0.1790 0.0327 -0.1705
0.0000 -0.1458 -0.2022
-0.1443 -0.1449 -0.1427
-0.2046 -0.1426 0.0016
-0.1449 -0.1403 0.1465
0.0000 -0.1394 0.2068
0.1449 -0.1403 0.1466
0.2046 -0.1426 0.0016
0.1443 -0.1449 -0.1427
0.2266 0.0449 0.0939
0.2300 0.0132 0.0953
0.2333 -0.0258 0.0841
0.2332 -0.0596 0.0653
0.2298 -0.0778 0.0576
0.2310 -0.0784 0.0514
0.1422 -0.2043 -0.0153
0.2283 0.0329 0.0946
0.2225 0.0646 0.0922
0.2200 0.0740 0.0911
0.1750 -0.1622 0.0725
-0.2304 0.0021 -0.0954
-0.2282 0.0340 -0.0945
-0.2342 0.0144 -0.0844
-0.2395 0.0184 -0.0669
-0.2410 0.0215 -0.0604
-0.2416 0.0107 -0.0609
-0.2313 0.0593 -0.0717
-0.2069 -0.1097 -0.0857
-0.2227 -0.0638 -0.0922
-0.2272 0.0414 -0.0941
-0.1730 -0.1646 -0.0717
0.0000 -0.2493 -0.0000
0.0000 -0.2493 -0.0000
-0.0008 -0.2112 -0.1325
0.0000 -0.2455 -0.0437
0.0000 -0.2362 -0.0798
0.0000 -0.2406 -0.0655
-0.1946 0.0804 -0.1336
-0.1253 0.1814 -0.1164
-0.1319 -0.0514 -0.2053
-0.1714 0.1810 -0.0049
-0.1878 0.1331 0.0958
-0.2135 0.1078 0.0706
0.0000 -0.2362 -0.0798
0.0000 -0.2455 -0.0437
0.0000 -0.2139 -0.1281
0.0000 -0.2406 -0.0655
-0.0000 -0.1180 -0.2197
0.0000 0.2372 0.0769
0.0000 0.2273 0.1025
-0.0000 0.2493 0.0001
-0.0000 0.2389 -0.0715
-0.2453 -0.0286 0.0341
-0.2394 -0.0651 -0.0248
-0.0977 -0.2229 -0.0543
0.0000 -0.2426 -0.0576
-0.2211 0.1152 0.0050
0.0000 -0.2426 -0.0576
-0.0000 0.2493 0.0028
-0.2368 -0.0759 -0.0183
-0.1027 -0.2270 -0.0090
-0.0011 -0.2493 -0.0045
-0.2216 0.1087 -0.0354
0.0000 -0.2493 -0.0046
0.0000 0.2262 -0.1049
0.0000 -0.0488 -0.2445
0.0000 -0.0017 -0.2493
-0.1669 -0.0308 -0.1826
-0.1716 0.0037 -0.1809
-0.2477 0.0247 -0.0144
-0.2487 0.0173 -0.0033
-0.1692 0.0891 0.1600
-0.1735 0.0304 0.1765
0.0000 0.1115 0.2230
0.0000 0.0352 0.2468
0.1692 0.0891 0.1600
0.1735 0.0304 0.1765
0.2477 0.0247 -0.0144
0.2487 0.0173 -0.0033
0.1669 -0.0308 -0.1826
0.1716 0.0037 -0.1809
0.0000 -0.1398 -0.2064
-0.1590 -0.1060 -0.1602
-0.2487 0.0123 -0.0121
-0.1483 0.1461 0.1373
0.0000 0.1774 0.1752
0.1483 0.1461 0.1373
0.2487 0.0123 -0.0121
0.1590 -0.1060 -0.1602
0.0000 -0.1395 -0.2067
-0.1699 -0.0891 -0.1593
-0.2414 0.0624 0.0032
-0.1402 0.1528 0.1385
0.0000 0.1747 0.1779
0.1402 0.1528 0.1385
0.2414 0.0624 0.0032
0.1699 -0.0891 -0.1593
0.0000 -0.0890 -0.2329
-0.1738 -0.0549 -0.1702
-0.2477 0.0288 0.0020
-0.1617 0.0974 0.1629
0.0000 0.1200 0.2186
0.1617 0.0974 0.1629
0.2477 0.0288 0.0020
0.1738 -0.0549 -0.1702
0.0000 -0.1920 -0.1590
-0.1271 -0.1814 -0.1145
-0.1953 -0.1539 0.0185
-0.1387 -0.1305 0.1609
0.0000 -0.1229 0.2170
0.1387 -0.1305 0.1610
0.1953 -0.1539 0.0185
0.1271 -0.1814 -0.1145
0.2207 0.0655 0.0959
0.2277 0.0230 0.0989
0.2070 0.1059 0.0900
0.2027 0.1154 0.0881
0.2198 0.0689 0.0955
0.1729 -0.1632 0.0751
-0.2287 -0.0033 -0.0993
-0.2286 0.0087 -0.0993
-0.2235 -0.0530 -0.0971
-0.2258 -0.0396 -0.0981
-0.2277 -0.0234 -0.0989
-0.1477 -0.1904 -0.0642
0.0000 -0.2493 -0.0000
-0.0000 -0.2493 -0.0000
-0.0000 -0.0229 -0.2483
-0.1711 -0.0246 -0.1797
-0.2477 -0.0280 -0.0026
-0.1731 -0.0302 0.1769
-0.0000 -0.0306 0.2475
0.1731 -0.0302 0.1769
0.2477 -0.0280 -0.0026
0.1711 -0.0246 -0.1797
0.2274 -0.0267 0.0988
-0.2276 -0.0239 -0.0989
0.0000 -0.0162 -0.2488
-0.1737 -0.0186 -0.1779
-0.2482 -0.0237 0.0015
-0.1717 -0.0276 0.1787
0.0000 -0.0288 0.2477
0.1717 -0.0276 0.1787
0.2482 -0.0237 0.0015
0.1737 -0.0186 -0.1779
0.2276 -0.0248 0.0989
-0.2280 -0.0196 -0.0991
0.0000 -0.0014 -0.2493
-0.1697 -0.0087 -0.1825
-0.2477 -0.0278 -0.0071
-0.1734 -0.0464 0.1730
-0.0000 -0.0531 0.2436
0.1734 -0.0464 0.1730
0.2477 -0.0278 -0.0071
0.1697 -0.0087 -0.1825
0.2263 -0.0359 0.0983
-0.2282 -0.0160 -0.0992
0.0000 -0.0045 -0.2493
-0.1733 -0.0190 -0.1783
-0.2438 -0.0525 -0.0002
-0.1644 -0.0807 0.1692
-0.0000 -0.0904 0.2324
0.1644 -0.0807 0.1692
0.2438 -0.0525 -0.0002
0.1733 -0.0190 -0.1783
0.2207 -0.0655 0.0959
-0.2270 -0.0304 -0.0986
-0.1018 -0.1366 -0.1821
-0.1901 -0.0192 -0.1602
-0.2483 -0.0228 -0.0030
-0.1794 -0.0760 0.1556
-0.0102 -0.1174 0.2197
0.1428 -0.1160 0.1683
0.1713 -0.1792 0.0267
0.1141 -0.2080 -0.0767
0.1808 -0.1344 0.1069
-0.2327 -0.0077 -0.0892
-0.2259 -0.0440 -0.0959
-0.2200 -0.0108 -0.1169
-0.2491 0.0025 0.0109
-0.1852 -0.0434 0.1612
-0.0276 -0.0730 0.2368
0.0839 -0.1188 0.2025
0.0194 -0.1368 0.2075
-0.2386 0.0095 -0.0718
-0.2384 0.0239 -0.0692
-0.2342 0.0556 -0.0650
-0.2373 0.0714 0.0276
-0.1901 0.0492 0.1536
-0.0572 -0.0035 0.2427
-0.0350 -0.0440 0.2429
-0.0680 -0.0678 0.2301
-0.2324 0.0808 -0.0404
0.0000 -0.2471 0.0337
0.0000 -0.2469 0.0349
-0.1898 0.1387 -0.0830
-0.0000 0.2071 -0.1388
-0.0000 0.1998 -0.1492
-0.1855 0.1420 -0.0871
0.0000 -0.2239 0.1097
-0.0000 -0.1392 0.2069
-0.0000 -0.0632 0.2412
-0.2363 0.0742 0.0286
-0.1990 0.0201 0.1489
-0.0957 0.0327 0.2279
-0.1068 -0.0133 0.2249
-0.0766 -0.0444 0.2331
-0.0000 -0.0385 0.2464
-0.1709 -0.0036 0.1816
-0.0798 -0.0617 0.2280
0.0000 -0.0722 0.2387
-0.0000 0.2349 -0.0835
-0.1950 0.1392 -0.0689
-0.2475 0.0273 -0.0129
-0.2264 -0.0634 0.0831
-0.1907 -0.0815 0.1384
-0.1061 -0.1064 0.1990
0.0000 -0.1195 0.2188
0.0000 0.2479 -0.0270
-0.1981 0.1503 -0.0177
-0.2485 0.0135 0.0152
-0.2174 -0.0979 0.0730
-0.1596 -0.1433 0.1272
-0.1038 -0.1391 0.1790
0.0000 -0.1463 0.2019
-0.0000 0.2465 0.0377
-0.1933 0.1570 0.0128
-0.2487 0.0123 0.0127
-0.2347 -0.0816 0.0210
-0.1812 -0.1710 0.0084
-0.0951 -0.2092 0.0967
-0.0000 -0.2078 0.1378
-0.0000 0.2192 0.1188
-0.1642 0.1776 0.0605
-0.2486 -0.0051 0.0189
-0.2443 -0.0433 -0.0250
-0.2073 -0.0853 -0.1091
-0.1134 -0.1526 -0.1614
-0.0000 -0.2215 -0.1146
0.0000 0.1275 0.2143
-0.1702 0.1251 0.1325
-0.2427 0.0013 -0.0571
-0.2451 -0.0275 -0.0365
-0.2014 -0.1062 -0.1016
-0.0964 -0.1484 -0.1757
-0.0000 -0.1643 -0.1875
0.0000 -0.0593 0.2422
-0.1594 -0.0690 0.1789
-0.2413 -0.0627 0.0032
-0.2402 -0.0589 -0.0316
-0.2181 -0.0840 -0.0868
-0.1087 -0.1300 -0.1829
0.0000 -0.1528 -0.1970
0.0000 -0.0459 0.2451
-0.1868 -0.0450 0.1589
-0.2444 -0.0450 0.0205
-0.2407 -0.0539 -0.0364
-0.2304 -0.0615 -0.0728
-0.0637 -0.1229 -0.2074
0.0000 -0.1268 -0.2147
-0.0000 -0.0056 0.2493
-0.2087 -0.0063 0.1363
-0.2487 -0.0106 0.0142
-0.2450 -0.0171 -0.0429
-0.2367 -0.0231 -0.0749
-0.0500 -0.0336 -0.2420
0.0000 -0.0329 -0.2472
0.0000 -0.0577 0.2426
-0.1906 -0.0364 0.1566
-0.2491 -0.0106 0.0023
-0.2429 -0.0162 -0.0540
-0.2383 -0.0279 -0.0678
-0.0662 -0.0241 -0.2392
-0.0000 -0.0289 -0.2477
0.0000 -0.1765 0.1762
-0.1273 -0.1520 0.1512
-0.1726 -0.1796 0.0116
-0.2075 -0.1376 0.0125
-0.1662 -0.1789 0.0505
-0.0681 -0.1833 -0.1546
0.0000 -0.1934 -0.1574
0.0000 -0.2483 0.0222
0.0000 -0.2329 0.0891
0.0000 -0.2240 0.1094
-0.2287 -0.0033 -0.0993
0.2277 0.0230 0.0989
-0.2235 -0.0530 -0.0971
-0.2258 -0.0396 -0.0981
-0.2277 -0.0234 -0.0989
-0.1477 -0.1904 -0.0642
0.2207 0.0655 0.0959
0.2070 0.1059 0.0900
0.2027 0.1154 0.0881
0.2198 0.0689 0.0955
0.1729 -0.1632 0.0751
-0.2286 0.0087 -0.0993
-0.0000 -0.2493 -0.0000
-0.0000 -0.2493 -0.0000
0.2274 -0.0267 0.0988
-0.2276 -0.0239 -0.0989
0.2276 -0.0248 0.0989
-0.2280 -0.0196 -0.0991
0.2263 -0.0359 0.0983
-0.2282 -0.0160 -0.0992
0.2207 -0.0655 0.0959
-0.2270 -0.0304 -0.0986
0.1984 -0.1031 0.1104
-0.2328 -0.0031 -0.0892
0.0503 -0.1220 0.2116
-0.2385 0.0143 -0.0714
-0.0929 -0.0600 0.2235
-0.2352 0.0752 -0.0349
-0.2219 0.1056 -0.0422
-0.1131 -0.0404 0.2185
-0.1400 -0.0315 0.2039
-0.2349 0.0754 -0.0361
-0.1664 -0.0842 0.1655
-0.2374 0.0758 -0.0068
-0.1318 -0.1427 0.1563
-0.2403 0.0662 0.0080
-0.1544 -0.1953 0.0136
-0.2445 0.0464 0.0156
-0.1358 -0.1408 -0.1546
-0.2421 0.0560 -0.0206
-0.1467 -0.1306 -0.1536
-0.2299 -0.0760 0.0597
-0.1784 -0.1051 -0.1389
-0.2400 -0.0411 0.0535
-0.1719 -0.0966 -0.1526
-0.2467 -0.0044 0.0361
-0.1922 -0.0306 -0.1559
-0.2426 -0.0251 0.0518
-0.1828 -0.0167 -0.1688
-0.1692 -0.1601 0.0889
-0.1292 -0.1935 -0.0896
0.0000 -0.2254 0.1067
0.0000 -0.2447 -0.0479
-0.0943 -0.1305 -0.1904
0.0000 -0.1362 -0.2089
-0.2447 -0.0138 -0.0458
-0.1961 -0.0846 -0.1287
-0.1676 0.1440 0.1156
-0.2481 -0.0045 -0.0245
-0.0000 0.1925 0.1585
-0.1378 -0.1236 -0.1671
-0.2456 0.0430 -0.0006
-0.0689 0.2258 -0.0802
-0.2082 0.0620 -0.1224
-0.0810 0.0614 0.2277
-0.2326 -0.0071 0.0896
0.1288 0.1252 -0.1729
-0.1469 0.0082 -0.2013
0.1843 -0.0468 0.1613
-0.1275 -0.1974 0.0833
0.1534 0.0775 -0.1807
-0.2186 -0.0225 -0.1178
0.1926 -0.0739 0.1401
-0.1183 -0.1758 0.1314
0.1356 0.1130 -0.1761
-0.2264 0.0612 -0.0848
0.2075 -0.0789 0.1135
-0.1188 -0.0911 0.1994
0.1567 0.1532 -0.1190
-0.2013 0.1470 -0.0074
0.1825 -0.1263 0.1137
-0.1058 -0.0786 0.2117
0.1430 0.1913 0.0717
-0.1030 0.2059 0.0959
0.1565 -0.0505 0.1874
-0.0399 -0.0463 0.2417
-0.1078 -0.1607 -0.1573
-0.0000 -0.1884 -0.1634
-0.2403 -0.0609 -0.0266
-0.2034 -0.1160 -0.0856
-0.1826 0.0193 0.1687
-0.2432 -0.0382 -0.0394
0.0000 0.0050 0.2493
-0.1633 -0.1319 -0.1345
-0.2451 -0.0363 0.0279
-0.1490 0.1097 -0.1671
-0.0627 -0.0040 -0.2413
-0.1491 0.1654 -0.1122
0.0000 -0.0645 -0.2409
-0.0000 0.2063 -0.1401
-0.1788 0.1619 0.0634
-0.1741 -0.1741 0.0394
0.0000 -0.2420 0.0599
-0.0000 0.2398 0.0682
-0.2376 -0.0018 0.0756
-0.1645 0.1742 0.0691
-0.1744 -0.1292 0.1228
0.0000 -0.1748 0.1778
0.0000 0.2426 0.0576
-0.2434 0.0164 0.0516
-0.1775 0.1732 -0.0255
-0.1896 -0.0942 0.1318
0.0000 -0.1418 0.2051
0.0000 0.2398 -0.0684
-0.2485 0.0044 0.0204
-0.1906 0.0998 -0.1261
-0.2037 -0.0688 0.1262
-0.0000 -0.1180 0.2197
0.0000 0.1386 -0.2072
-0.2487 -0.0013 0.0175
-0.1962 0.0101 -0.1536
-0.2101 -0.0171 0.1332
-0.0000 -0.0313 0.2474
-0.0000 0.0103 -0.2491
-0.2476 -0.0084 0.0282
-0.1997 -0.0462 -0.1420
-0.2018 0.0065 0.1463
0.0000 0.0104 0.2491
-0.0000 -0.0716 -0.2388
-0.2457 -0.0253 0.0341
-0.2006 -0.0589 -0.1359
-0.1935 -0.0258 0.1552
0.0000 -0.0417 0.2458
0.0000 -0.0810 -0.2358
-0.2409 -0.0619 0.0175
-0.2025 -0.0417 -0.1394
-0.1857 -0.0917 0.1389
-0.0000 -0.1267 0.2148
0.0000 -0.0318 -0.2473
-0.2301 -0.0959 0.0035
-0.2112 -0.0039 -0.1324
-0.1693 -0.1538 0.0993
0.0000 -0.1957 0.1545
-0.0000 0.0611 -0.2417
-0.2327 -0.0847 -0.0287
-0.2063 0.0648 -0.1242
-0.1624 -0.1839 0.0447
0.0000 -0.2380 0.0745
0.0000 0.1492 -0.1998
0.0000 -0.1067 -0.2254
SUBS 3
TRIS 952
25 32 24
25 33 32
39 46 38
39 47 46
24 39 31
24 32 39
91 37 29
91 92 37
28 35 27
28 36 35
102 33 25
102 103 33
31 38 30
31 39 38
29 36 28
29 37 36
27 34 26
27 35 34
104 49 41
104 105 49
37 44 36
37 45 44
35 42 34
35 43 42
33 40 32
33 41 40
32 47 39
32 40 47
92 45 37
92 93 45
36 43 35
36 44 43
103 41 33
103 104 41
407 48 49
407 408 48
47 54 46
47 55 54
45 52 44
45 53 52
43 50 42
43 51 50
41 48 40
41 49 48
40 55 47
40 48 55
93 53 45
93 94 53
44 51 43
44 52 51
46 94 93
46 54 94
38 93 92
38 46 93
30 92 91
30 38 92
34 104 103
34 42 104
42 105 104
42 50 105
26 103 102
26 34 103
566 120 121
566 567 120
51 119 50
51 120 119
50 409 105
50 119 409
53 115 114
53 94 115
94 113 115
94 54 113
55 113 54
55 112 113
48 112 55
48 408 112
105 407 49
105 409 407
121 51 52
121 120 51
120 568 119
120 567 568
119 901 409
119 568 901
114 564 561
114 115 564
115 562 564
115 113 562
112 562 113
112 563 562
408 563 112
408 900 563
53 125 124
53 114 125
52 126 121
52 123 126
53 123 52
53 124 123
121 576 566
121 126 576
114 575 125
114 561 575
124 129 128
124 125 129
123 130 126
123 127 130
124 127 123
124 128 127
126 582 576
126 130 582
125 581 129
125 575 581
334 218 208
334 336 218
205 216 215
205 206 216
335 215 337
335 205 215
208 217 207
208 218 217
204 222 214
204 212 222
211 219 221
211 209 219
207 216 206
207 217 216
203 214 213
203 204 214
210 213 220
210 203 213
216 225 215
216 226 225
337 232 222
337 339 232
222 224 214
222 232 224
219 231 221
219 229 231
214 223 213
214 224 223
213 230 220
213 223 230
210 219 209
210 220 219
224 233 223
224 234 233
223 240 230
223 233 240
230 239 229
230 240 239
338 238 228
338 340 238
228 237 227
228 238 237
217 226 216
217 227 226
218 227 217
218 228 227
336 228 218
336 338 228
220 229 219
220 230 229
237 246 236
237 247 246
236 245 235
236 246 245
341 250 242
341 343 250
242 244 234
242 250 244
229 241 231
229 239 241
232 234 224
232 242 234
339 242 232
339 341 242
226 235 225
226 236 235
227 236 226
227 237 236
250 252 244
250 258 252
127 251 130
127 243 251
244 251 243
244 252 251
342 256 248
342 344 256
238 247 237
238 248 247
340 248 238
340 342 248
234 243 233
234 244 243
343 258 250
343 345 258
246 253 245
246 254 253
247 254 246
247 255 254
240 712 239
240 711 712
711 129 581
711 240 129
248 255 247
248 256 255
129 233 128
129 240 233
128 243 127
128 233 243
130 714 582
130 259 714
251 259 130
251 252 259
259 258 260
259 252 258
714 260 715
714 259 260
241 712 717
241 239 712
249 717 718
249 241 717
719 249 718
719 257 249
346 258 345
346 260 258
262 253 254
262 261 253
263 254 255
263 262 254
264 255 256
264 263 255
344 264 256
344 347 264
725 257 719
725 265 257
266 263 264
266 262 263
348 265 267
348 347 265
725 267 265
725 728 267
262 269 261
262 270 269
348 271 266
348 350 271
266 270 262
266 271 270
728 272 267
728 735 272
735 277 272
735 742 277
271 275 270
271 276 275
350 276 271
350 352 276
270 274 269
270 275 274
275 279 274
275 280 279
742 282 277
742 749 282
276 280 275
276 281 280
352 281 276
352 354 281
749 287 282
749 756 287
281 285 280
281 286 285
354 286 281
354 356 286
280 284 279
280 285 284
856 292 369
856 763 292
371 290 370
371 291 290
374 291 371
374 358 291
370 289 373
370 290 289
889 297 400
889 770 297
402 295 401
402 296 295
406 293 403
406 359 293
405 296 402
405 360 296
401 294 404
401 295 294
403 764 894
403 293 764
770 302 297
770 777 302
296 300 295
296 301 300
359 298 293
359 361 298
360 301 296
360 362 301
295 299 294
295 300 299
301 305 300
301 306 305
362 306 301
362 364 306
300 304 299
300 305 304
777 307 302
777 784 307
364 311 306
364 366 311
305 309 304
305 310 309
784 312 307
784 791 312
306 310 305
306 311 310
310 316 315
310 311 316
312 368 366
312 317 368
311 368 316
311 366 368
316 800 315
316 801 800
368 798 854
368 317 798
316 854 801
316 368 854
312 798 317
312 791 798
307 366 364
307 312 366
304 365 363
304 309 365
302 364 362
302 307 364
299 363 361
299 304 363
297 362 360
297 302 362
294 361 359
294 299 361
400 360 405
400 297 360
404 359 406
404 294 359
369 358 374
369 292 358
373 357 375
373 289 357
282 356 354
282 287 356
279 355 353
279 284 355
277 354 352
277 282 354
274 353 351
274 279 353
272 352 350
272 277 352
269 351 349
269 274 351
261 349 346
261 269 349
267 350 348
267 272 350
266 347 348
266 264 347
257 347 344
257 265 347
261 345 253
261 346 345
245 345 343
245 253 345
241 342 340
241 249 342
249 344 342
249 257 344
225 341 339
225 235 341
235 343 341
235 245 343
221 338 336
221 231 338
231 340 338
231 241 340
215 339 337
215 225 339
212 337 222
212 335 337
211 336 334
211 221 336
284 375 355
284 373 375
287 374 356
287 369 374
285 373 284
285 370 373
356 371 286
356 374 371
286 370 285
286 371 370
756 369 287
756 856 369
379 381 377
379 383 381
355 376 283
355 377 376
382 387 383
382 386 387
377 380 376
377 381 380
378 383 379
378 382 383
376 382 378
376 380 382
384 390 386
384 388 390
380 386 382
380 384 386
383 385 381
383 387 385
381 384 380
381 385 384
391 393 389
391 395 393
387 389 385
387 391 389
385 388 384
385 389 388
386 391 387
386 390 391
394 399 395
394 398 399
389 392 388
389 393 392
390 395 391
390 394 395
388 394 390
388 392 394
397 398 396
397 399 398
392 398 394
392 396 398
395 397 393
395 399 397
393 396 392
393 397 396
289 406 357
289 404 406
292 405 358
292 400 405
288 894 757
288 403 894
290 404 289
290 401 404
358 402 291
358 405 402
357 403 288
357 406 403
291 401 290
291 402 401
763 400 292
763 889 400
118 407 116
118 408 407
116 409 117
116 407 409
565 408 118
565 900 408
117 901 569
117 409 901
464 471 472
464 463 471
478 485 486
478 477 485
463 478 471
463 470 478
530 476 531
530 468 476
467 474 475
467 466 474
541 472 542
541 464 472
470 477 478
470 469 477
468 475 476
468 467 475
466 473 474
466 465 473
543 488 544
543 480 488
476 483 484
476 475 483
474 481 482
474 473 481
472 479 480
472 471 479
471 486 479
471 478 486
531 484 532
531 476 484
475 482 483
475 474 482
542 480 543
542 472 480
897 487 898
897 488 487
486 493 494
486 485 493
484 491 492
484 483 491
482 489 490
482 481 489
480 487 488
480 479 487
479 494 487
479 486 494
532 492 533
532 484 492
483 490 491
483 482 490
485 533 493
485 532 533
477 532 485
477 531 532
469 531 477
469 530 531
473 543 481
473 542 543
481 544 489
481 543 544
465 542 473
465 541 542
566 559 567
566 560 559
490 558 559
490 489 558
489 899 558
489 544 899
492 554 533
492 553 554
533 552 493
533 554 552
494 552 551
494 493 552
487 551 898
487 494 551
544 897 899
544 488 897
560 490 559
560 491 490
559 568 567
559 558 568
558 901 568
558 899 901
553 564 554
553 561 564
554 562 552
554 564 562
551 562 563
551 552 562
898 563 900
898 551 563
492 573 553
492 572 573
491 574 571
491 560 574
492 571 572
492 491 571
560 576 574
560 566 576
553 575 561
553 573 575
572 579 573
572 578 579
571 580 577
571 574 580
572 577 578
572 571 577
574 582 580
574 576 582
573 581 575
573 579 581
818 670 820
818 660 670
657 668 658
657 667 668
819 667 657
819 821 667
660 669 670
660 659 669
656 674 664
656 666 674
663 671 661
663 673 671
659 668 669
659 658 668
655 666 656
655 665 666
662 665 655
662 672 665
668 677 678
668 667 677
821 684 823
821 674 684
674 676 684
674 666 676
671 683 681
671 673 683
666 675 676
666 665 675
665 682 675
665 672 682
662 671 672
662 661 671
676 685 686
676 675 685
675 692 685
675 682 692
682 691 692
682 681 691
822 690 824
822 680 690
680 689 690
680 679 689
669 678 679
669 668 678
670 679 680
670 669 679
820 680 822
820 670 680
672 681 682
672 671 681
689 698 699
689 688 698
688 697 698
688 687 697
825 702 827
825 694 702
694 696 702
694 686 696
681 693 691
681 683 693
684 686 694
684 676 686
823 694 825
823 684 694
678 687 688
678 677 687
679 688 689
679 678 688
702 704 710
702 696 704
577 703 695
577 580 703
696 703 704
696 695 703
826 708 828
826 700 708
690 699 700
690 689 699
824 700 826
824 690 700
686 695 696
686 685 695
827 710 829
827 702 710
698 705 706
698 697 705
699 706 707
699 698 706
692 712 711
692 691 712
711 579 692
711 581 579
700 707 708
700 699 707
579 685 692
579 578 685
578 695 685
578 577 695
580 714 713
580 582 714
703 713 704
703 580 713
713 710 704
713 716 710
714 716 713
714 715 716
693 712 691
693 717 712
701 717 693
701 718 717
719 701 709
719 718 701
830 710 716
830 829 710
721 705 720
721 706 705
722 706 721
722 707 706
723 707 722
723 708 707
828 723 831
828 708 723
725 709 724
725 719 709
726 722 721
726 723 722
832 724 831
832 727 724
725 727 728
725 724 727
721 731 732
721 720 731
832 733 834
832 726 733
726 732 733
726 721 732
728 734 735
728 727 734
735 741 742
735 734 741
733 739 740
733 732 739
834 740 836
834 733 740
732 738 739
732 731 738
739 745 746
739 738 745
742 748 749
742 741 748
740 746 747
740 739 746
836 747 838
836 740 747
749 755 756
749 748 755
747 753 754
747 746 753
838 754 840
838 747 754
746 752 753
746 745 752
856 762 763
856 855 762
858 760 761
858 857 760
862 761 842
862 858 761
857 759 760
857 860 759
889 769 770
889 888 769
891 767 768
891 890 767
896 765 843
896 892 765
895 768 844
895 891 768
890 766 767
890 893 766
892 764 765
892 894 764
770 776 777
770 769 776
768 774 775
768 767 774
843 772 845
843 765 772
844 775 846
844 768 775
767 773 774
767 766 773
775 781 782
775 774 781
846 782 848
846 775 782
774 780 781
774 773 780
777 783 784
777 776 783
848 789 850
848 782 789
781 787 788
781 780 787
784 790 791
784 783 790
782 788 789
782 781 788
788 796 789
788 795 796
790 852 797
790 850 852
789 852 850
789 796 852
796 800 801
796 795 800
852 798 797
852 854 798
796 854 852
796 801 854
790 798 791
790 797 798
783 850 790
783 848 850
780 849 787
780 847 849
776 848 783
776 846 848
773 847 780
773 845 847
769 846 776
769 844 846
766 845 773
766 843 845
888 844 769
888 895 844
893 843 766
893 896 843
855 842 762
855 862 842
860 841 759
860 863 841
748 840 755
748 838 840
745 839 752
745 837 839
741 838 748
741 836 838
738 837 745
738 835 837
734 836 741
734 834 836
731 835 738
731 833 835
720 833 731
720 830 833
727 834 734
727 832 834
726 831 723
726 832 831
709 831 724
709 828 831
720 829 830
720 705 829
697 829 705
697 827 829
693 826 701
693 824 826
701 828 709
701 826 828
677 825 687
677 823 825
687 827 697
687 825 827
673 822 683
673 820 822
683 824 693
683 822 824
667 823 677
667 821 823
664 821 819
664 674 821
663 820 673
663 818 820
752 863 860
752 839 863
755 862 855
755 840 862
753 860 857
753 752 860
840 858 862
840 754 858
754 857 858
754 753 857
756 855 856
756 755 855
867 869 871
867 865 869
839 864 865
839 751 864
870 875 874
870 871 875
865 868 869
865 864 868
866 871 870
866 867 871
864 870 868
864 866 870
872 878 876
872 874 878
868 874 872
868 870 874
871 873 875
871 869 873
869 872 873
869 868 872
879 881 883
879 877 881
875 877 879
875 873 877
873 876 877
873 872 876
874 879 878
874 875 879
882 887 886
882 883 887
877 880 881
877 876 880
878 883 882
878 879 883
876 882 880
876 878 882
885 886 887
885 884 886
880 886 884
880 882 886
883 885 887
883 881 885
881 884 885
881 880 884
759 896 893
759 841 896
762 895 888
762 842 895
758 894 892
758 757 894
760 893 890
760 759 893
842 891 895
842 761 891
841 892 896
841 758 892
761 890 891
761 760 890
763 888 889
763 762 888
557 897 898
557 555 897
555 899 897
555 556 899
565 898 900
565 557 898
556 901 899
556 569 901
TRIS 224
569 410 117
569 905 410
117 122 116
117 410 122
260 729 715
260 268 729
346 268 260
346 349 268
349 273 268
349 351 273
268 736 729
268 273 736
273 743 736
273 278 743
351 278 273
351 353 278
278 750 743
278 283 750
353 283 278
353 355 283
375 288 372
375 357 288
372 757 861
372 288 757
283 861 750
283 372 861
283 378 372
283 376 378
372 379 375
372 378 379
375 377 355
375 379 377
118 904 565
118 411 904
116 411 118
116 122 411
411 909 904
411 414 909
122 414 411
122 412 414
410 412 122
410 413 412
905 413 410
905 910 413
413 415 412
413 416 415
412 417 414
412 415 417
414 914 909
414 417 914
910 416 413
910 915 416
915 419 416
915 920 419
416 418 415
416 419 418
415 420 417
415 418 420
417 919 914
417 420 919
920 422 419
920 925 422
419 421 418
419 422 421
418 423 420
418 421 423
420 924 919
420 423 924
925 425 422
925 930 425
422 424 421
422 425 424
421 426 423
421 424 426
423 929 924
423 426 929
930 428 425
930 935 428
425 427 424
425 428 427
424 429 426
424 427 429
426 934 929
426 429 934
429 939 934
429 432 939
935 431 428
935 940 431
428 430 427
428 431 430
427 432 429
427 430 432
430 435 432
430 433 435
432 944 939
432 435 944
940 434 431
940 945 434
431 433 430
431 434 433
433 438 435
433 436 438
435 949 944
435 438 949
945 437 434
945 950 437
434 436 433
434 437 436
951 437 950
951 436 437
949 436 951
949 438 436
569 902 905
569 556 902
556 570 902
556 555 570
716 729 730
716 715 729
830 730 833
830 716 730
833 737 835
833 730 737
730 736 737
730 729 736
737 743 744
737 736 743
835 744 837
835 737 744
744 750 751
744 743 750
837 751 839
837 744 751
863 758 841
863 859 758
859 757 758
859 861 757
751 861 859
751 750 861
751 866 864
751 859 866
859 867 866
859 863 867
863 865 867
863 839 865
557 904 903
557 565 904
555 903 570
555 557 903
903 909 908
903 904 909
570 908 906
570 903 908
902 906 907
902 570 906
905 907 910
905 902 907
907 911 912
907 906 911
906 913 911
906 908 913
908 914 913
908 909 914
910 912 915
910 907 912
915 917 920
915 912 917
912 916 917
912 911 916
911 918 916
911 913 918
913 919 918
913 914 919
920 922 925
920 917 922
917 921 922
917 916 921
916 923 921
916 918 923
918 924 923
918 919 924
925 927 930
925 922 927
922 926 927
922 921 926
921 928 926
921 923 928
923 929 928
923 924 929
930 932 935
930 927 932
927 931 932
927 926 931
926 933 931
926 928 933
928 934 933
928 929 934
933 939 938
933 934 939
935 937 940
935 932 937
932 936 937
932 931 936
931 938 936
931 933 938
936 943 941
936 938 943
938 944 943
938 939 944
940 942 945
940 937 942
937 941 942
937 936 941
941 948 946
941 943 948
943 949 948
943 944 949
945 947 950
945 942 947
942 946 947
942 941 946
951 947 946
951 950 947
949 946 948
949 951 946
TRIS 724
0 3 1
0 2 3
99 5 100
99 4 5
4 7 5
4 6 7
6 9 7
6 8 9
8 11 9
8 10 11
88 13 89
88 12 13
100 17 3
100 101 17
12 15 13
12 14 15
14 1 15
14 0 1
4 59 6
4 58 59
90 29 21
90 91 29
11 20 9
11 21 20
1 23 15
1 16 23
3 16 1
3 17 16
7 18 5
7 19 18
89 21 11
89 90 21
9 19 7
9 20 19
15 22 13
15 23 22
20 27 19
20 28 27
101 25 17
101 102 25
23 30 22
23 31 30
21 28 20
21 29 28
19 26 18
19 27 26
17 24 16
17 25 24
16 31 23
16 24 31
58 67 59
58 66 67
88 62 12
88 95 62
6 60 8
6 59 60
12 63 14
12 62 63
99 58 4
99 106 58
8 61 10
8 60 61
14 56 0
14 63 56
0 57 2
0 56 57
70 79 71
70 78 79
56 65 57
56 64 65
63 64 56
63 71 64
95 70 62
95 96 70
59 68 60
59 67 68
106 66 58
106 107 66
62 71 63
62 70 71
60 69 61
60 68 69
75 84 76
75 83 84
68 77 69
68 76 77
66 75 67
66 74 75
64 73 65
64 72 73
71 72 64
71 79 72
96 78 70
96 97 78
67 76 68
67 75 76
107 74 66
107 108 74
110 87 111
110 80 87
108 82 74
108 109 82
78 87 79
78 86 87
76 85 77
76 84 85
74 83 75
74 82 83
72 81 73
72 80 81
79 80 72
79 87 80
97 86 78
97 98 86
77 98 97
77 85 98
69 97 96
69 77 97
61 96 95
61 69 96
10 95 88
10 61 95
13 90 89
13 22 90
22 91 90
22 30 91
10 89 11
10 88 89
73 109 108
73 81 109
65 108 107
65 73 108
57 107 106
57 65 107
2 106 99
2 57 106
18 102 101
18 26 102
5 101 100
5 18 101
2 100 3
2 99 100
83 111 84
83 110 111
109 83 82
109 110 83
80 109 81
80 110 109
84 98 85
84 111 98
86 111 87
86 98 111
131 134 132
131 133 134
318 136 329
318 135 136
135 138 136
135 137 138
137 140 138
137 139 140
139 142 140
139 141 142
179 144 180
179 143 144
143 146 144
143 145 146
145 132 146
145 131 132
135 150 137
135 149 150
149 158 150
149 157 158
179 153 143
179 181 153
137 151 139
137 150 151
143 154 145
143 153 154
318 149 135
318 320 149
139 152 141
139 151 152
145 147 131
145 154 147
131 148 133
131 147 148
161 170 162
161 169 170
147 156 148
147 155 156
154 155 147
154 162 155
181 161 153
181 182 161
150 159 151
150 158 159
320 157 149
320 321 157
153 162 154
153 161 162
151 160 152
151 159 160
166 175 167
166 174 175
159 168 160
159 167 168
157 166 158
157 165 166
155 164 156
155 163 164
162 163 155
162 170 163
182 169 161
182 183 169
158 167 159
158 166 167
321 165 157
321 322 165
191 178 192
191 171 178
322 173 165
322 323 173
169 178 170
169 177 178
167 176 168
167 175 176
165 174 166
165 173 174
163 172 164
163 171 172
170 171 163
170 178 171
183 177 169
183 184 177
327 184 183
327 328 184
326 183 182
326 327 183
325 182 181
325 326 182
324 181 179
324 325 181
324 180 319
324 179 180
164 190 189
164 172 190
156 189 188
156 164 189
148 188 187
148 156 188
133 187 185
133 148 187
133 186 134
133 185 186
330 192 331
330 191 192
323 174 173
323 330 174
171 190 172
171 191 190
331 184 328
331 192 184
177 192 178
177 184 192
329 202 186
329 333 202
319 198 142
319 332 198
142 197 140
142 198 197
140 196 138
140 197 196
134 193 132
134 194 193
138 195 136
138 196 195
186 194 134
186 202 194
132 200 146
132 193 200
144 201 180
144 199 201
146 199 144
146 200 199
196 205 195
196 206 205
333 212 202
333 335 212
200 209 199
200 210 209
197 206 196
197 207 206
194 203 193
194 204 203
193 210 200
193 203 210
198 207 197
198 208 207
202 204 194
202 212 204
199 211 201
199 209 211
332 208 198
332 334 208
293 771 764
293 298 771
361 303 298
361 363 303
298 778 771
298 303 778
363 308 303
363 365 308
303 785 778
303 308 785
309 367 365
309 314 367
308 367 313
308 365 367
853 314 799
853 367 314
315 799 314
315 800 799
792 367 853
792 313 367
309 315 314
309 310 315
201 334 332
201 211 334
195 335 333
195 205 335
180 332 319
180 201 332
136 333 329
136 195 333
175 328 176
175 331 328
190 330 323
190 191 330
174 331 175
174 330 331
141 319 142
141 324 319
141 325 324
141 152 325
152 326 325
152 160 326
160 327 326
160 168 327
168 328 327
168 176 328
189 323 322
189 190 323
188 322 321
188 189 322
187 321 320
187 188 321
185 320 318
185 187 320
185 329 186
185 318 329
785 313 792
785 308 313
439 442 441
439 440 442
538 444 443
538 539 444
443 446 445
443 444 446
445 448 447
445 446 448
447 450 449
447 448 450
527 452 451
527 528 452
539 456 540
539 442 456
451 454 453
451 452 454
453 440 439
453 454 440
443 498 497
443 445 498
529 468 530
529 460 468
450 459 460
450 448 459
440 462 455
440 454 462
442 455 456
442 440 455
446 457 458
446 444 457
528 460 529
528 450 460
448 458 459
448 446 458
454 461 462
454 452 461
459 466 467
459 458 466
540 464 541
540 456 464
462 469 470
462 461 469
460 467 468
460 459 467
458 465 466
458 457 465
456 463 464
456 455 463
455 470 463
455 462 470
497 506 505
497 498 506
527 501 534
527 451 501
445 499 498
445 447 499
451 502 501
451 453 502
538 497 545
538 443 497
447 500 499
447 449 500
453 495 502
453 439 495
439 496 495
439 441 496
509 518 517
509 510 518
495 504 503
495 496 504
502 503 510
502 495 503
534 509 535
534 501 509
498 507 506
498 499 507
545 505 546
545 497 505
501 510 509
501 502 510
499 508 507
499 500 508
514 523 522
514 515 523
507 516 515
507 508 516
505 514 513
505 506 514
503 512 511
503 504 512
510 511 518
510 503 511
535 517 536
535 509 517
506 515 514
506 507 515
546 513 547
546 505 513
549 526 519
549 550 526
547 521 548
547 513 521
517 526 525
517 518 526
515 524 523
515 516 524
513 522 521
513 514 522
511 520 519
511 512 520
518 519 526
518 511 519
536 525 537
536 517 525
516 537 524
516 536 537
508 536 516
508 535 536
500 535 508
500 534 535
449 534 500
449 527 534
452 529 461
452 528 529
461 530 469
461 529 530
449 528 527
449 450 528
512 548 520
512 547 548
504 547 512
504 546 547
496 546 504
496 545 546
441 545 496
441 538 545
457 541 465
457 540 541
444 540 457
444 539 540
441 539 538
441 442 539
522 550 549
522 523 550
548 522 549
548 521 522
519 548 549
519 520 548
523 537 550
523 524 537
525 550 537
525 526 550
583 586 585
583 584 586
802 588 587
802 813 588
587 590 589
587 588 590
589 592 591
589 590 592
591 594 593
591 592 594
631 596 595
631 632 596
595 598 597
595 596 598
597 584 583
597 598 584
587 602 601
587 589 602
601 610 609
601 602 610
631 605 633
631 595 605
589 603 602
589 591 603
595 606 605
595 597 606
802 601 804
802 587 601
591 604 603
591 593 604
597 599 606
597 583 599
583 600 599
583 585 600
613 622 621
613 614 622
599 608 607
599 600 608
606 607 614
606 599 607
633 613 634
633 605 613
602 611 610
602 603 611
804 609 805
804 601 609
605 614 613
605 606 614
603 612 611
603 604 612
618 627 626
618 619 627
611 620 619
611 612 620
609 618 617
609 610 618
607 616 615
607 608 616
614 615 622
614 607 615
634 621 635
634 613 621
610 619 618
610 611 619
805 617 806
805 609 617
643 630 623
643 644 630
806 625 807
806 617 625
621 630 629
621 622 630
619 628 627
619 620 628
617 626 625
617 618 626
615 624 623
615 616 624
622 623 630
622 615 623
635 629 636
635 621 629
811 636 812
811 635 636
810 635 811
810 634 635
809 634 810
809 633 634
808 633 809
808 631 633
808 632 631
808 803 632
616 642 624
616 641 642
608 641 616
608 640 641
600 640 608
600 639 640
585 639 600
585 637 639
585 638 637
585 586 638
814 644 643
814 815 644
807 626 814
807 625 626
623 642 643
623 624 642
815 636 644
815 812 636
629 644 636
629 630 644
813 654 817
813 638 654
803 650 816
803 594 650
594 649 650
594 592 649
592 648 649
592 590 648
586 645 646
586 584 645
590 647 648
590 588 647
638 646 654
638 586 646
584 652 645
584 598 652
596 653 651
596 632 653
598 651 652
598 596 651
648 657 658
648 647 657
817 664 819
817 654 664
652 661 662
652 651 661
649 658 659
649 648 658
646 655 656
646 645 655
645 662 655
645 652 662
650 659 660
650 649 659
654 656 664
654 646 656
651 663 661
651 653 663
816 660 818
816 650 660
765 771 772
765 764 771
845 779 847
845 772 779
772 778 779
772 771 778
847 786 849
847 779 786
779 785 786
779 778 785
787 851 794
787 849 851
786 851 849
786 793 851
853 794 851
853 799 794
795 799 800
795 794 799
792 851 793
792 853 851
787 795 788
787 794 795
653 818 663
653 816 818
647 819 657
647 817 819
632 816 653
632 803 816
588 817 647
588 813 817
627 812 815
627 628 812
642 814 643
642 807 814
626 815 814
626 627 815
593 803 808
593 594 803
593 809 604
593 808 809
604 810 612
604 809 810
612 811 620
612 810 811
620 812 628
620 811 812
641 807 642
641 806 807
640 806 641
640 805 806
639 805 640
639 804 805
637 804 639
637 802 804
637 813 802
637 638 813
785 793 786
785 792 793
MAT 0.8412 0.4367 0.2469
MAT 0.1679 0.0777 0.0489
MAT 1.0000 1.0000 1.0000